    1.50       2.00       2.50       3.00       3.50       4.00       5.00       6.00       7.00       8.00
       x     y    x     y    x     y    x     y    x     y    x     y    x     y    x     y    x     y    x     y
    0.00 1.000 0.00 1.000 0.00 1.000 0.00 1.000 0.00 1.000 0.00 1.000 0.00 1.000 0.00 1.000 0.00 1.000 0.00 1.000 
    0.05 1.100 0.05 1.105 0.05 1.110 0.05 1.115 0.05 1.120 0.05 1.140 0.05 1.160 0.05 1.180 0.05 1.200 0.05 1.210
    0.10 1.130 0.10 1.140 0.10 1.150 0.10 1.160 0.10 1.210 0.10 1.220 0.10 1.260 0.10 1.300 0.10 1.340 0.10 1.350 
    0.15 1.160 0.15 1.200 0.15 1.225 0.15 1.260 0.15 1.330 0.15 1.360 0.15 1.390 0.15 1.430 0.15 1.470 0.15 1.510 
    0.25 1.200 0.25 1.206 0.25 1.320 0.25 1.390 0.25 1.420 0.25 1.500 0.25 1.600 0.25 1.710 0.25 1.820 0.25 1.930 
    0.35 1.210 0.35 1.210 0.35 1.380 0.35 1.450 0.35 1.550 0.35 1.620 0.35 1.800 0.35 1.990 0.35 2.180 0.35 2.380 
    0.45 1.215 0.45 1.250 0.45 1.410 0.45 1.510 0.45 1.610 0.45 1.670 0.45 1.880 0.45 2.220 0.45 2.510 0.45 2.810 
    0.50 1.220 0.50 1.270 0.50 1.420 0.50 1.530 0.50 1.640 0.50 1.800 0.50 2.080 0.50 2.320 0.50 2.660 0.50 3.020 
