 0 , 1 , 10 , 100 , 200 , 300 , 500 , 800 , 1000 , 2000 , 3000 , 4000 , 6000 , 10000 
 60 , 6 , 43 , 300 , 680 , 1100 , 1600 , 8000 , 28500 , 4900 , 4400 , 3900 , 3400 , 3400 
 70 , 4 , 30 , 240 , 500 , 900 , 1500 , 7500 , 28400 , 4800 , 4300 , 3800 , 3300 , 3300 
 80 , 2 , 20 , 180 , 400 , 700 , 1400 , 7000 , 28300 , 4700 , 4200 , 3700 , 3200 , 3200 
 90 , 1 , 13 , 120 , 270 , 500 , 1300 , 6500 , 28200 , 4600 , 4100 , 3600 , 3100 , 3100 
 95 , 1 , 10 , 92 , 200 , 340 , 920 , 6000 , 28100 , 4500 , 4000 , 3500 , 3000 , 3000 
 100 , 0 , 7 , 63 , 140 , 220 , 540 , 1900 , 28000 , 3800 , 3000 , 2800 , 2600 , 2400 
 110 , 0 , 4 , 36 , 80 , 120 , 220 , 500 , 780 , 2900 , 1800 , 1500 , 1400 , 1300 
 120 , 0 , 3 , 28 , 58 , 90 , 160 , 300 , 400 , 1500 , 1400 , 1050 , 900 , 850 
 150 , 0 , 2 , 13 , 25 , 40 , 65 , 110 , 130 , 310 , 510 , 610 , 670 , 480 
 200 , 0 , 0 , 5 , 11 , 16 , 28 , 43 , 54 , 120 , 170 , 205 , 240 , 250 
 250 , 0 , 0 , 2 , 5 , 7 , 13 , 20 , 24 , 48 , 70 , 90 , 120 , 140 
 300 , 0 , 0 , 1 , 3 , 4 , 8 , 11 , 13 , 24 , 38 , 48 , 68 , 100 
 350 , 0 , 0 , 0 , 1 , 2 , 4 , 6 , 7 , 13 , 20 , 26 , 37 , 60 
 400 , 0 , 0 , 0 , 1 , 1 , 2 , 3 , 4 , 8 , 12 , 15 , 23 , 37 
 800 , 0 , 0 , 0 , 0 , 0 , 0 , 0 , 0 , 0 , 1 , 2 , 3 , 5 
 0 , 800 , 900 , 1000 , 1100 , 1200 , 1300 , 1400 , 1500 , 1600 , 1700 , 1800 , 1900 , 2000 , 2400 , 2800 , 3000 , 4000 
 0 , 1000 , 1000 , 1000 , 1000 , 1000 , 1000 , 1000 , 1000 , 1000 , 1000 , 1000 , 1000 , 1000 , 1000 , 1000 , 1000 , 1000 
 200 , 860 , 900 , 930 , 950 , 960 , 965 , 970 , 975 , 980 , 985 , 990 , 995 , 1000 , 1000 , 1001 , 1001 , 1002 
 400 , 300 , 776 , 850 , 893 , 920 , 938 , 952 , 964 , 970 , 975 , 982 , 988 , 994 , 997 , 1001 , 1001 , 1004 
 600 , 100 , 500 , 750 , 830 , 875 , 908 , 927 , 943 , 955 , 965 , 973 , 980 , 987 , 993 , 1000 , 1002 , 1006 
 800 , 130 , 135 , 635 , 763 , 832 , 875 , 904 , 925 , 942 , 955 , 965 , 973 , 981 , 990 , 999 , 1003 , 1008 
 1000 , 162 , 167 , 300 , 690 , 785 , 848 , 873 , 908 , 926 , 945 , 956 , 965 , 975 , 986 , 999 , 1004 , 1010 
 1200 , 190 , 195 , 260 , 600 , 725 , 800 , 850 , 880 , 912 , 936 , 949 , 960 , 972 , 985 , 999 , 1005 , 1013 
 1400 , 210 , 220 , 240 , 500 , 650 , 750 , 830 , 860 , 900 , 927 , 942 , 955 , 969 , 984 , 999 , 1006 , 1016 
 1600 , 240 , 250 , 270 , 440 , 610 , 730 , 810 , 850 , 890 , 918 , 934 , 950 , 966 , 982 , 999 , 1007 , 1019 
 1800 , 270 , 280 , 300 , 420 , 580 , 710 , 790 , 840 , 880 , 909 , 927 , 945 , 963 , 981 , 1000 , 1009 , 1022 
 2000 , 310 , 320 , 330 , 400 , 560 , 690 , 775 , 830 , 870 , 900 , 920 , 940 , 960 , 980 , 1000 , 1010 , 1025 
 2200 , 345 , 353 , 360 , 420 , 548 , 675 , 755 , 815 , 861 , 893 , 916 , 937 , 958 , 979 , 1002 , 1013 , 1027 
 2400 , 380 , 386 , 390 , 440 , 540 , 665 , 735 , 800 , 852 , 887 , 913 , 935 , 955 , 978 , 1005 , 1017 , 1030 
 2600 , 415 , 419 , 420 , 460 , 552 , 650 , 725 , 790 , 843 , 881 , 909 , 933 , 952 , 977 , 1007 , 1021 , 1032 
 3000 , 450 , 451 , 452 , 480 , 560 , 640 , 715 , 785 , 835 , 875 , 906 , 930 , 949 , 980 , 1010 , 1025 , 1035 
 4000 , 580 , 581 , 583 , 585 , 615 , 665 , 730 , 790 , 830 , 872 , 905 , 930 , 955 , 1005 , 1020 , 1035 , 1050 
 5000 , 692 , 694 , 697 , 701 , 705 , 735 , 775 , 823 , 855 , 893 , 925 , 947 , 965 , 1005 , 1035 , 1050 , 1065 
 6000 , 805 , 807 , 810 , 814 , 818 , 823 , 840 , 865 , 890 , 915 , 940 , 965 , 990 , 1014 , 1037 , 1059 , 1080 
 7000 , 920 , 922 , 924 , 926 , 929 , 932 , 937 , 942 , 947 , 963 , 979 , 995 , 1011 , 1043 , 1076 , 1093 , 1100 
 8000 , 1015 , 1020 , 1025 , 1030 , 1035 , 1040 , 1045 , 1053 , 1061 , 1069 , 1077 , 1085 , 1093 , 1101 , 1109 , 1117 , 1125 
 9000 , 1140 , 1140 , 1140 , 1140 , 1140 , 1140 , 1140 , 1140 , 1140 , 1140 , 1140 , 1140 , 1140 , 1140 , 1140 , 1140 , 1140 
 0 , 800 , 900 , 1000 , 1100 , 1200 , 1300 , 1400 , 1500 , 1600 , 1700 , 1800 , 1900 , 2000 , 2400 , 2800 , 3000 , 4000 
 0 , 0 , 0 , 0 , 0 , 0 , 0 , 0 , 0 , 0 , 0 , 0 , 0 , 0 , 0 , 0 , 0 , 0 
 200 ,-100 ,-40 ,-8 , 2 , 6 , 10 , 14 , 18 , 20 , 22 , 20 , 18 , 16 , 12 , 10 , 9 , 8 
 400 ,-100 ,-100 ,-20 , 6 , 8 , 13 , 18 , 23 , 28 , 26 , 24 , 22 , 20 , 16 , 14 , 13 , 12 
 600 ,-150 ,-150 ,-25 , 12 , 20 , 28 , 36 , 43 , 50 , 46 , 44 , 40 , 36 , 30 , 24 , 21 , 18 
 800 ,-150 ,-150 ,-35 , 30 , 37 , 44 , 51 , 58 , 64 , 70 , 65 , 60 , 56 , 48 , 40 , 36 , 32 
 1000 ,-60 ,-80 ,-70 , 60 , 65 , 70 , 75 , 80 , 85 , 90 , 85 , 80 , 75 , 64 , 52 , 46 , 40 
 1200 ,-70 ,-90 ,-80 , 80 , 100 , 101 , 102 , 103 , 104 , 102 , 100 , 95 , 90 , 80 , 66 , 58 , 50 
 1400 ,-100 ,-110 ,-95 , 120 , 130 , 132 , 130 , 125 , 120 , 114 , 108 , 102 , 96 , 84 , 72 , 66 , 60 
 1600 ,-110 ,-120 ,-100 , 85 , 155 , 165 , 156 , 149 , 142 , 135 , 128 , 121 , 113 , 97 , 81 , 73 , 65 
 1800 ,-120 ,-128 ,-110 , 40 , 168 , 170 , 165 , 160 , 154 , 148 , 142 , 136 , 130 , 118 , 96 , 86 , 73 
 2000 ,-130 ,-136 ,-115 , 8 , 170 , 200 , 192 , 185 , 177 , 170 , 162 , 155 , 147 , 132 , 110 , 100 , 79 
 2200 ,-140 ,-146 ,-120 ,-10 , 158 , 202 , 200 , 195 , 190 , 175 , 172 , 170 , 160 , 150 , 135 , 120 , 84 
 2400 ,-150 ,-155 ,-125 ,-28 , 145 , 204 , 207 , 205 , 200 , 185 , 180 , 180 , 170 , 165 , 150 , 140 , 86 
 2600 ,-160 ,-165 ,-130 ,-40 , 120 , 205 , 215 , 210 , 205 , 200 , 190 , 190 , 185 , 175 , 185 , 170 , 130 
 3000 ,-175 ,-175 ,-145 ,-60 , 70 , 180 , 200 , 205 , 215 , 220 , 220 , 220 , 215 , 210 , 185 , 170 , 130 
 4000 ,-225 ,-207 ,-165 ,-95 , 5 , 100 , 160 , 190 , 235 , 250 , 265 , 270 , 265 , 260 , 245 , 230 , 160 
 5000 ,-255 ,-235 ,-195 ,-120 ,-35 , 50 , 120 , 170 , 225 , 270 , 320 , 305 , 310 , 305 , 300 , 285 , 205 
 6000 ,-285 ,-265 ,-225 ,-155 ,-80 , 8 , 80 , 140 , 205 , 270 , 322 , 350 , 355 , 360 , 350 , 340 , 230 
 7000 ,-310 ,-295 ,-260 ,-205 ,-115 ,-25 , 50 , 120 , 190 , 250 , 323 , 385 , 400 , 405 , 390 , 385 , 270 
 8000 ,-345 ,-320 ,-295 ,-240 ,-150 ,-65 , 15 , 95 , 170 , 250 , 324 , 395 , 435 , 460 , 460 , 450 , 310 
 9000 ,-360 ,-345 ,-320 ,-275 ,-185 ,-90 ,-5 , 75 , 155 , 230 , 325 , 410 , 460 , 510 , 515 , 500 , 350 
