  5, 2, 153, 119, 224, 145, 229, 200, 241, 600, 289
 10, 2, 169, 119, 236, 145, 242, 200, 254, 600, 300
 20, 2, 186, 100, 247, 145, 256, 200, 268, 600, 313
 40, 2, 208, 100, 260, 119, 263, 145, 270, 600, 325
 60, 2, 226, 100, 271, 119, 273, 145, 279, 600, 333
 80, 2, 236, 100, 278, 119, 281, 145, 286, 600, 339
100, 2, 242, 100, 284, 119, 286, 145, 292, 600, 344
120, 2, 246, 100, 287, 119, 290, 145, 296, 600, 348
140, 2, 252, 100, 290, 119, 294, 145, 301, 600, 351
160, 2, 258, 100, 296, 119, 300, 145, 305, 600, 355
 28.01, 18.02,2.016, 28.02, 44.01, 16.04, 39.94, 17.03,  32.0, 30.01, 46.01, 64.07, 80.07, 28.05, 30.07, 44.09
"CO  ","H2O ","H2  ","N2  ","CO2 ","CH4 ","Ar  ","NH3 " ,"O2  ","NO  ","NO2 ","SO2 ","SO3 ","C2H4","C2H6","C3H8"

