    2.00       1.80       1.60       1.40       1.20       1.00       0.90       0.80       0.70       0.60       0.50       0.40       0.30       0.20       0.10
       Figure 3.5.4(3)                 
     0.  3.15  0.   2.95  0.   2.76  0.   2.55  0.   2.36  0.   2.15  0.   2.04  0.   1.94  0.   1.82  0.   1.7   0.   1.56  0.   1.42  0.   1.29  0.   1.16  0.   1.06
     .04 3.1   0.06 2.9   0.08 2.7   0.06 2.5   0.07 2.3   0.07 2.1   0.06 2.0   0.04 1.9   0.03 1.8   0.11 1.6   0.09 1.5   0.03 1.4   0.14 1.2   0.10 1.1   0.10 1. 
     .11 3.0    .13 2.8    .13 2.6    .12 2.4    .15 2.2    .16 2.     .14 1.9    .14 1.8    .12 1.7    .2  1.5    .19 1.4    .16 1.3    .25 1.1    .22 1.    10.  1.
     .15 2.9    .17 2.7    .18 2.5    .18 2.3    .22 2.1    .23 1.9    .21 1.8    .21 1.7    .2  1.6    .27 1.4    .26 1.3    .26 1.2    .34 1.    10.  1.
     .19 2.8    .22 2.6    .22 2.4    .23 2.2    .27 2.     .28 1.8    .26 1.7    .27 1.6    .26 1.5    .34 1.3    .34 1.2    .35 1.1   10.  1.
     .23 2.7    .26 2.5    .27 2.3    .30 2.1    .33 1.9    .33 1.7    .32 1.6    .32 1.5    .33 1.4    .42 1.2    .43 1.1    .45 1.
     .27 2.6    .30 2.4    .32 2.200  .36 2.000  .39 1.8    .38 1.6    .38 1.5    .39 1.4    .41 1.3    .53 1.1    .54 1.    10.  1.
     .31 2.5    .35 2.3    .38 2.1    .42 1.9    .44 1.7    .46 1.5    .46 1.4    .5  1.3    .5  1.2    .66 1.    10.  1.
     .35 2.4    .39 2.2    .44 2.0    .48 1.8    .51 1.6    .55 1.4    .57 1.3    .61 1.2    .65 1.1   10.  1.
     .40 2.3    .45 2.1    .49 1.9    .54 1.7    .59 1.5    .67 1.3    .72 1.2    .79 1.1    .82 1.
     .45 2.2    .5  2.     .56 1.8    .62 1.6    .7  1.4    .85 1.2    .95 1.1   1.04 1.    10.  1.
     .5  2.1    .56 1.9    .63 1.7    .72 1.5    .84 1.3   1.1  1.1   1.22 1.    10.  1.
     .56 2.     .63 1.8    .72 1.6    .84 1.4   1.05 1.2   1.42 1.    10.  1.
     .63 1.9    .71 1.7    .84 1.5   1.02 1.3   1.33 1.1   10.  1.
     .7  1.8    .82 1.6   1.02 1.4   1.26 1.2   1.68 1.0
     .8  1.7    .95 1.5   1.26 1.3   1.57 1.1   10.  1.
     .92 1.6   1.11 1.4   1.57 1.2   1.96 1.
    1.06 1.5   1.3  1.3   1.96 1.1   10.  1.
    1.23 1.4   1.6  1.2   2.2  1.
    1.44 1.3   3.   1.    10.  1.
    1.77 1.2   10.  1.
    4.   1.
    10.  1.

