    0.00       0.25       0.50       1.00       2.00       4.00       8.00
       Figure G.2(29)                 
    0.01 2.    0.01 1.8   0.01 1.8   0.01 1.8   0.01 1.8   0.01 1.8   0.01 1.8
    0.02 2.    0.07 1.8   0.2  1.8   0.3  1.8   0.3  1.8   0.6  1.8   1.   1.8
    0.1  2.3   0.20 2.1   0.33 2.0   0.6  2.0   0.6  1.9   1.   1.95  3.   2.2
    0.2  2.7   0.5  3.    0.85 3.    1.   2.3   1.   2.1   3.   2.6   6.8  2.4
    0.3  3.0   0.9  4.    2.   5.    2.   3.7   2.   2.75  6.8  3.05
    0.65 4.    2.   6.6   3.   6.4   3.   5.    3.   3.4
    1.4  6.    3.   8.5   4.   7.7   4.   6.    6.8  4.3
    2.0  7.6   4.   10.2  5.   8.8   5.   6.8
    3.   9.9   5.   11.9
    4.   11.7

