    0.00       0.25       0.50       1.00       2.00       4.00
       Figure G.2(35)          
    0.01 0.    0.04 19.6  0.95 24.   0.12 24.   0.12 40.   0.2  30.
    10.  0.    0.06 12.   0.1  21.6  0.2  10.   0.2  17.   0.4  7.
               0.08 8.    0.13 13    0.3  5.    0.3  8.3   0.5  2.4
               0.1  6.1   0.2  6.    0.4  2.9   0.4  4.5   1.   0.3
               0.2  2.1   0.3  3.2   0.5  1.83  0.5  2.1   2.   0.2
               0.3  1.    0.4  2.    0.6  1.1   1.   0.3   5.   0.3
               0.4  0.6   0.6  0.9   0.8  1.4   2.   0.2
               0.6  0.2   1.   0.3   1.   0.3   5.   0.3
               1.   0.2   2.   0.2   2.   0.2
               5.   0.3   5.   0.3   5.   0.3
                                                  
                                                  
                                                   

