    0.00       0.20       0.50       1.00       2.00       5.00
       x     y    x     y    x     y    x     y    x     y    x     y
    0.01 0.320 0.01 0.220 0.01 0.290 0.01 0.460 0.01 0.600 0.01 0.460
    0.05 0.310 0.05 0.200 0.05 0.230 0.05 0.340 0.05 0.440 0.05 0.340
    0.10 0.290 0.10 0.190 0.10 0.210 0.10 0.300 0.10 0.360 0.10 0.280
    0.20 0.270 0.20 0.180 0.20 0.185 0.20 0.240 0.20 0.290 0.20 0.230
    0.50 0.250 0.50 0.140 0.50 0.140 0.50 0.175 0.50 0.200 0.30 0.190
    1.00 0.170 1.00 0.110 1.00 0.110 1.00 0.130 1.00 0.180
    2.00 0.110 2.00 0.070 2.00 0.070 2.00 0.088
    3.00 0.070 3.00 0.058 3.00 0.060
    5.00 0.050 5.00 0.042

