    0.00       1.00       2.00       5.00        10.0
       x     y    x     y    x     y    x     y    x     y
    0.01 0.970 0.01 0.900 0.01 0.710 0.01 0.280 0.01 0.096
    0.05 0.700 0.05 0.650 0.05 0.500 0.05 0.190 0.05 0.068
    0.10 0.590 0.10 0.550 0.10 0.420 0.10 0.150 0.10 0.055
    0.20 0.480 0.20 0.430 0.20 0.330 0.20 0.120 0.20 0.043
    0.50 0.330 0.50 0.300 0.50 0.220 0.50 0.074 0.50 0.026
    1.00 0.230 1.00 0.210 1.00 0.150 1.00 0.045 1.00 0.016
    2.00 0.145 2.00 0.130 2.00 0.090 2.00 0.024
    3.00 0.105 3.00 0.098 3.00 0.062
    5.00 0.062 5.00 0.070

