    0.00       0.20       0.50       1.00       2.00       5.00       10.00
       x     y    x     y    x     y    x     y    x     y    x     y     x     y
    0.01 0.315 0.01 0.175 0.01 0.210 0.01 0.340 0.01 0.460 0.01 0.350  0.01 0.200
    0.05 0.310 0.05 0.160 0.05 0.170 0.05 0.250 0.05 0.330 0.05 0.250  0.05 0.183
    0.10 0.295 0.10 0.150 0.10 0.150 0.10 0.220 0.10 0.280 0.10 0.205  0.10 0.140
    0.20 0.270 0.20 0.140 0.20 0.130 0.20 0.180 0.20 0.220 0.20 0.160  0.20 0.096
    0.50 0.250 0.50 0.130 0.50 0.100 0.50 0.130 0.50 0.150 0.50 0.110  0.30 0.082
    1.00 0.170 1.00 0.090 1.00 0.078 1.00 0.092 1.00 0.110 0.70 0.080
    2.00 0.100 2.00 0.060 2.00 0.052 2.00 0.060 2.00 0.068
    3.00 0.070 3.00 0.050 3.00 0.045 3.00 0.050
    5.00 0.048 5.00 0.040            5.00 0.040

