    0.00       1.00       2.00       5.00       10.0
       x     y    x     y    x     y    x     y    x     y
    0.01 0.285 0.01 0.310 0.01 0.430 0.01 0.820 0.01 0.990
    0.05 0.210 0.05 0.220 0.05 0.300 0.05 0.570 0.05 0.680
    0.10 0.175 0.10 0.180 0.10 0.250 0.10 0.460 0.10 0.540
    0.20 0.140 0.20 0.145 0.20 0.190 0.20 0.350 0.20 0.400
    0.50 0.098 0.50 0.100 0.50 0.130 0.50 0.220 0.50 0.230
    1.00 0.068 1.00 0.070 1.00 0.088 1.00 0.140 1.00 0.130
    2.00 0.045 2.00 0.045 2.00 0.050 2.00 0.064 2.00 0.056
    3.00 0.300 3.00 0.033 3.00 0.035 3.00 0.038
    5.00 0.018 5.00 0.023 5.00 0.021

