    0.00       0.20       0.50       1.00       2.00       5.00       10.00
       x     y    x     y    x     y    x     y    x     y    x     y     x
    0.01 0.320 0.01 0.130 0.01 0.145 0.01 0.230 0.01 0.350 0.01 0.260  0.01 0.135
    0.05 0.310 0.05 0.120 0.05 0.120 0.05 0.170 0.05 0.240 0.05 0.180  0.05 0.095
    0.10 0.295 0.10 0.110 0.10 0.105 0.10 0.145 0.10 0.200 0.10 0.150  0.10 0.078
    0.20 0.270 0.20 0.105 0.20 0.090 0.20 0.120 0.20 0.160 0.20 0.120  0.20 0.062
    0.50 0.220 0.50 0.086 0.50 0.070 0.50 0.087 0.50 0.110 0.50 0.075  0.50 0.040
    1.00 0.170 1.00 0.068 1.00 0.054 1.00 0.062 1.00 0.075 1.00 0.050  1.00 0.027
    2.00 0.100 2.00 0.049 2.00 0.037 2.00 0.036 2.00 0.048 2.00 0.029
    3.00 0.068 3.00 0.042 3.00 0.032 3.00 0.032 3.00 0.035
    5.00 0.048 5.00 0.035 5.00 0.027 5.00 0.027

