    0.00       0.20       0.50       1.00       2.00       5.00       10.00
       x     y    x     y    x     y    x     y    x     y    x     y     x     y
    0.01 0.098 0.01 0.250 0.01 0.170 0.01 0.180 0.02 0.115 0.01 0.110  0.01 0.250
    0.05 0.094 0.05 0.250 0.05 0.220 0.05 0.160 0.05 0.180 0.05 0.210  0.05 0.311
    0.10 0.090 0.10 0.240 0.10 0.230 0.10 0.280 0.10 0.225 0.10 0.260  0.10 0.347
    0.20 0.081 0.20 0.225 0.20 0.220 0.20 0.280 0.20 0.250 0.20 0.310  0.20 0.380
    0.50 0.068 0.50 0.180 0.50 0.175 0.50 0.230 0.50 0.230 0.40 0.335  0.30 0.420
    1.00 0.050 1.00 0.140 1.00 0.140 1.00 0.150 1.00 0.160 0.70 0.310
    2.00 0.028 2.00 0.100 2.00 0.098 2.00 0.110 2.00 0.145
    3.00 0.022 3.00 0.082 3.00 0.087 3.00 0.110
    5.00 0.019 5.00 0.066

