    0.00       1.00       2.00       5.00       10.0
       x     y    x     y    x     y    x     y    x     y
    0.01 0.285 0.01 0.320 0.01 0.480 0.01 0.800 0.01 0.990
    0.05 0.210 0.05 0.230 0.05 0.330 0.05 0.550 0.05 0.780
    0.10 0.175 0.10 0.190 0.10 0.270 0.10 0.450 0.10 0.550
    0.20 0.140 0.20 0.150 0.20 0.200 0.20 0.335 0.20 0.410
    0.50 0.100 0.50 0.100 0.50 0.135 0.50 0.200 0.50 0.250
    1.00 0.068 1.00 0.070 1.00 0.090 1.00 0.120 1.00 0.140
    2.00 0.045 2.00 0.043 2.00 0.050 2.00 0.055
    3.00 0.031 3.00 0.033 3.00 0.035
    5.00 0.018 5.00 0.023

