    0.00       0.50       1.00       2.00       5.00
       x     y    x     y    x     y    x     y    x     y
    0.01 0.320 0.01 0.320 0.01 0.300 0.01 0.230 0.01 0.105
    0.05 0.320 0.05 0.320 0.05 0.300 0.05 0.230 0.05 0.105
    0.10 0.320 0.10 0.320 0.10 0.300 0.10 0.230 0.10 0.105
    0.20 0.320 0.20 0.320 0.20 0.300 0.20 0.230 0.20 0.105
    0.50 0.320 0.50 0.320 0.50 0.290 0.50 0.220 0.30 0.105
    1.00 0.320 1.00 0.320 1.00 0.280 1.00 0.210
    2.00 0.290 2.00 0.280 2.00 0.250
    3.00 0.270 3.00 0.260
    5.00 0.240

