    0.00       1.00       2.00       5.00       10.00
       x     y    x     y    x     y    x     y    x     y
    0.01 0.330 0.01 0.310 0.01 0.270 0.01 0.105 0.01 0.034
    0.05 0.330 0.05 0.310 0.05 0.260 0.05 0.105 0.05 0.034
    0.10 0.330 0.10 0.310 0.10 0.260 0.10 0.105 0.10 0.033
    0.20 0.330 0.20 0.300 0.20 0.260 0.20 0.105 0.20 0.031
    0.50 0.330 0.50 0.300 0.50 0.250 0.50 0.100 0.50 0.031
    1.00 0.330 1.00 0.290 1.00 0.240 1.00 0.090 1.00 0.028
    2.00 0.290 2.00 0.240 2.00 0.205 2.00 0.700 2.00 0.023
    3.00 0.270 3.00 0.210 3.00 0.180 3.00 0.056
    5.00 0.230 5.00 0.180 5.00 0.140
    7.00 0.210

