    0.00       1.00       2.00       5.00       10.00
       x     y    x     y    x     y    x     y    x     y
    0.01 0.320 0.01 0.300 0.01 0.240 0.01 0.100 0.01 0.040
    0.05 0.320 0.05 0.300 0.05 0.240 0.05 0.100 0.05 0.040
    0.10 0.320 0.10 0.300 0.10 0.240 0.10 0.100 0.10 0.040
    0.20 0.320 0.20 0.300 0.20 0.240 0.20 0.100 0.20 0.040
    0.50 0.320 0.50 0.300 0.50 0.230 0.50 0.096 0.50 0.038
    1.00 0.310 1.00 0.280 1.00 0.220 1.00 0.088
    2.00 0.290 2.00 0.255 2.00 0.180
    3.00 0.260 3.00 0.230
    5.00 0.240
    7.00 0.220

