    0.00       0.20       1.00       2.00       5.00       10.00               
       x     y    x     y    x     y    x     y    x     y    x     y     
    0.01 0.096 0.01 0.340 0.01 0.340 0.01 0.250 0.01 0.250 0.01 0.340     
    0.05 0.092 0.05 0.335 0.05 0.350 0.05 0.320 0.05 0.320 0.05 0.370     
    0.10 0.089 0.10 0.310 0.10 0.350 0.10 0.330 0.10 0.350 0.10 0.410     
    0.20 0.080 0.20 0.280 0.20 0.340 0.20 0.340 0.20 0.390 0.20 0.450     
    0.50 0.066 0.50 0.230 0.50 0.260 0.50 0.280 0.50 0.400 0.50 0.480     
    1.00 0.048 1.00 0.180 1.00 0.190 1.00 0.220 1.00 0.350 1.00 0.420     
    2.00 0.026 2.00 0.140 2.00 0.145 2.00 0.170 2.00 0.260 2.00 0.290
    3.00 0.020 3.00 0.130 3.00 0.140 3.00 0.160 3.00 0.230
    5.00 0.019 5.00 0.120 5.00 0.150 5.00 0.180

