    0.00       0.20       0.50       1.00       2.00       5.00       10.00
       x     y    x     y    x     y    x     y    x     y    x     y     x
    0.01 0.010 0.01 0.013 0.01 0.044 0.01 0.090 0.01 0.140 0.01 0.110  0.01 0.060
    0.10 0.010 0.05 0.013 0.05 0.044 0.05 0.090 0.05 0.140 0.05 0.110  0.05 0.060
    0.14 0.010 0.10 0.140 0.10 0.044 0.10 0.090 0.10 0.140 0.10 0.110  0.10 0.059
    0.20 0.018 0.20 0.170 0.20 0.045 0.20 0.090 0.20 0.140 0.20 0.110  0.50 0.058
    0.50 0.060 0.50 0.027 0.50 0.048 0.50 0.090 0.50 0.135 0.50 0.108   
    1.00 0.110 1.00 0.042 1.00 0.054 1.00 0.090 1.00 0.130 0.70 0.100
    2.00 0.140 2.00 0.058 2.00 0.058 2.00 0.085 2.00 0.110
    3.00 0.130 3.00 0.060 3.00 0.058 3.00 0.080
    5.00 0.110 5.00 0.058 5.00 0.054
    7.00 0.098 7.00 0.052

