    0.00       0.20       0.50       1.00       2.00       5.00
       x     y    x     y    x     y    x     y    x     y    x     y
    0.01 0.010 0.01 0.018 0.01 0.066 0.01 0.140 0.01 0.200 0.01 0.160
    0.10 0.010 0.05 0.018 0.05 0.066 0.05 0.140 0.05 0.200 0.05 0.160
    0.14 0.010 0.10 0.020 0.10 0.066 0.10 0.140 0.10 0.200 0.10 0.160
    0.20 0.018 0.20 0.025 0.20 0.070 0.20 0.140 0.20 0.200 0.20 0.160
    0.50 0.060 0.50 0.043 0.50 0.080 0.50 0.145 0.50 0.200 0.30 0.160
    1.00 0.110 1.00 0.069 1.00 0.090 1.00 0.150 1.00 0.195
    2.00 0.140 2.00 0.090 2.00 1.000 2.00 0.145
    3.00 0.130 3.00 0.091 3.00 1.000
    5.00 0.110 4.90 0.088
    7.00 0.098

