    0.00       0.20       0.50       1.00       2.00       5.00       10.00
       x     y    x     y    x     y    x     y    x     y    x     y     x     y
    0.01 0.010 0.01 0.015 0.01 0.052 0.01 0.110 0.01 0.165 0.01 0.130  0.01 0.070
    0.10 0.010 0.05 0.016 0.05 0.052 0.05 0.110 0.05 0.165 0.05 0.130  0.05 0.070
    0.14 0.010 0.10 0.017 0.10 0.052 0.10 0.110 0.10 0.163 0.10 0.130  0.10 0.070
    0.20 0.018 0.20 0.020 0.20 0.053 0.20 0.105 0.20 0.160 0.20 0.125  0.20 0.070
    0.50 0.060 0.50 0.032 0.50 0.058 0.50 0.110 0.50 0.160 0.50 0.122  0.30 0.069
    1.00 0.110 1.00 0.050 1.00 0.065 1.00 0.110 1.00 0.150 0.70 0.120
    2.00 0.140 2.00 0.068 2.00 0.070 2.00 0.100 2.00 0.130
    3.00 0.130 3.00 0.070 3.00 0.070 3.00 0.096
    5.00 0.110 5.00 0.068
    7.00 0.098

