    0.00       1.00       2.00       5.00       10.0
       x     y    x     y    x     y    x     y    x     y
    0.01 0.098 0.01 0.110 0.01 0.160 0.01 0.320 0.01 0.390
    0.05 0.098 0.05 0.110 0.05 0.160 0.05 0.320 0.05 0.390
    0.10 0.098 0.10 0.110 0.10 0.158 0.10 0.320 0.10 0.380
    0.20 0.096 0.20 0.108 0.20 0.155 0.20 0.315 0.20 0.360
    0.50 0.095 0.50 0.106 0.50 0.150 0.50 0.300 0.50 0.370
    1.00 0.094 1.00 0.100 1.00 0.140 1.00 0.270 1.00 0.330
    2.00 0.090 2.00 0.092 2.00 0.120 2.00 0.200 2.00 0.230
    3.00 0.082 3.00 0.083 3.00 0.100 3.00 0.160
    5.00 0.072 5.00 0.062 5.00 0.780
    7.00 0.066

