    0.00       1.00       2.00       5.00       10.0
       x     y    x     y    x     y    x     y    x     y
    0.01 0.098 0.01 0.116 0.01 0.180 0.01 0.330 0.01 0.390
    0.05 0.098 0.05 0.115 0.05 0.180 0.05 0.325 0.05 0.390
    0.10 0.098 0.10 0.115 0.10 0.175 0.10 0.320 0.10 0.380
    0.20 0.096 0.20 0.115 0.20 0.172 0.20 0.318 0.20 0.370
    0.50 0.095 0.50 0.100 0.50 0.170 0.50 0.300 0.50 0.360
    1.00 0.094 1.00 0.097 1.00 0.150 1.00 0.270
    2.00 0.090 2.00 0.094 2.00 0.120
    3.00 0.082 3.00 0.082
    5.00 0.072
    7.00 0.066

