    0.00       0.50       1.00       2.00       5.00
       x     y    x     y    x     y    x     y    x     y
    0.01 0.098 0.01 0.102 0.01 0.122 0.01 0.190 0.01 0.320
    0.05 0.098 0.05 0.102 0.05 0.122 0.05 0.190 0.05 0.320
    0.10 0.098 0.10 0.102 0.10 0.121 0.10 0.185 0.10 0.310
    0.20 0.096 0.20 0.101 0.20 0.120 0.20 0.182 0.20 0.300
    0.50 0.095 0.50 0.100 0.50 0.118 0.50 0.170 0.30 0.290
    1.00 0.094 1.00 0.096 1.00 0.110 1.00 0.150
    2.00 0.090 2.00 0.088 2.00 0.088
    3.00 0.080 3.00 0.079
    5.00 0.070
    7.00 0.065

