    0.00       0.20       0.50       1.00       2.00       5.00       10.00
       x     y    x     y    x     y    x     y    x     y    x     y     x
    0.01 0.010 0.01 0.010 0.01 0.035 0.01 0.072 0.01 0.120 0.01 0.096  0.01 0.049
    0.10 0.010 0.05 0.010 0.05 0.035 0.05 0.072 0.05 0.120 0.05 0.096  0.05 0.049
    0.14 0.010 0.10 0.012 0.10 0.035 0.10 0.072 0.10 0.118 0.10 0.095  0.10 0.048
    0.20 0.018 0.20 0.014 0.20 0.035 0.20 0.072 0.20 0.115 0.20 0.093  0.20 0.047
    0.50 0.060 0.50 0.022 0.50 0.038 0.50 0.071 0.50 0.112 0.50 0.090  0.50 0.046
    1.00 0.110 1.00 0.034 1.00 0.042 1.00 0.070 1.00 0.108 1.00 0.084  1.00 0.043
    2.00 0.140 2.00 0.045 2.00 0.045 2.00 0.067 2.00 0.090 2.00 0.068
    3.00 0.130 3.00 0.048 3.00 0.045 3.00 0.062 3.00 0.080
    5.00 0.110 5.00 0.046 5.00 0.042 5.00 0.056
    7.00 0.098 7.00 0.044 7.00 0.038

