    0.00       1.00       2.00       5.00       10.0 
       x     y    x     y    x     y    x     y    x     y
    0.01 0.098 0.01 0.112 0.01 0.170 0.01 0.320 0.01 0.390
    0.05 0.098 0.05 0.110 0.05 0.170 0.05 0.320 0.05 0.390
    0.10 0.098 0.10 0.110 0.10 0.168 0.10 0.320 0.10 0.380
    0.20 0.096 0.20 0.110 0.20 0.165 0.20 0.315 0.20 0.360
    0.50 0.095 0.50 0.108 0.50 0.160 0.50 0.300 0.50 0.320
    1.00 0.094 1.00 0.102 1.00 0.148 1.00 0.270
    2.00 0.090 2.00 0.092 2.00 0.120 2.00 0.190
    3.00 0.082 3.00 0.082 3.00 0.100
    5.00 0.072 5.00 0.068
    7.00 0.066

