    0.00       0.20       0.50       1.00       2.00       5.00       10.00
       x     y    x     y    x     y    x     y    x     y
    0.01 0.010 0.01 0.015 0.01 0.052 0.01 0.108 0.01 0.164 0.01 0.129 0.01 0.072
    0.30 0.010 0.05 0.014 0.05 0.051 0.05 0.105 0.05 0.163 0.10 0.125 0.10 0.068
    0.50 0.018 0.10 0.012 0.10 0.048 0.10 0.104 0.10 0.160 0.23 0.118 0.20 0.065
    1.00 0.034 0.12 0.010 0.20 0.042 0.20 0.097 0.20 0.155 0.30 0.145 0.30 0.058
    2.00 0.044 0.29 0.010 0.30 0.034 0.50 0.073 0.52 0.125
    5.00 0.034 0.50 0.024 0.38 0.023 0.76 0.052 0.89 0.068
    7.00 0.028 1.00 0.056 0.42 0.010 0.82 0.052 1.00 0.093
               2.00 0.088 0.74 0.040 1.00 0.066 2.00 0.155
               3.00 0.095 1.00 0.058 1.5  0.087
               5.00 0.090 2.00 0.093 2.0  0.098
               7.00 0.080 3.00 0.101 3.0  0.105
                          4.00 0.100 4.00 0.104

