    0.00       0.20       0.50       1.00       2.00       5.00       10.00
       x     y    x     y    x     y    x     y    x     y
    0.01 0.010 0.01 0.011 0.01 0.035 0.01 0.073 0.01 0.120 0.01 0.096 0.01 0.050
    0.30 0.010 0.05 0.010 0.05 0.034 0.05 0.072 0.05 0.120 0.10 0.094 0.10 0.046
    0.50 0.018 0.25 0.010 0.10 0.033 0.10 0.071 0.10 0.118 0.20 0.090 0.20 0.044
    1.00 0.034 0.50 0.036 0.20 0.028 0.20 0.068 0.20 0.116 0.40 0.064 0.24 0.035
    2.00 0.044 1.00 0.070 0.32 0.020 0.50 0.045 0.50 0.091 0.46 0.064 0.27 0.035
    5.00 0.034 2.00 0.103 0.34 0.020 0.76 0.058 0.72 0.070 1.00 0.258 0.50 0.130
    7.00 0.028 3.00 0.110 0.40 0.026 1.00 0.091 0.78 0.080 2.00 0.450 1.00 0.350
               5.00 0.106 0.70 0.057 2.00 0.138 1.00 0.130
               7.00 0.095 1.00 0.084 3.0  0.138 2.00 0.205
                          2.00 0.120 5.0  0.136 3.00 0.210
                          3.00 0.128          
                          4.00 0.125          
                          7.00 0.106

