    0.00       0.20       0.50       1.00       2.00       5.00       10.00
       x     y    x     y    x     y    x     y    x     y
    0.01 0.010 0.01 0.012 0.01 0.026 0.01 0.053 0.01 0.090 0.01 0.078 0.01 0.038
    0.05 0.010 0.05 0.013 0.05 0.026 0.05 0.053 0.05 0.090 0.05 0.078 0.10 0.038
    0.10 0.010 0.10 0.012 0.10 0.027 0.10 0.053 0.10 0.089 0.10 0.077 0.30 0.037
    0.20 0.028 0.20 0.018 0.20 0.029 0.20 0.054 0.20 0.088 0.20 0.076 0.50 0.036
    0.50 0.088 0.50 0.035 0.50 0.036 0.50 0.053 0.50 0.082 0.50 0.072 1.00 0.032
    1.00 0.140 1.00 0.038 0.80 0.038 1.00 0.047 1.00 0.068 1.00 0.058 2.00 0.021
    1.50 0.150 1.30 0.034 1.30 0.034 2.00 0.032 2.00 0.043 2.00 0.035
    2.00 0.135 2.00 0.031 3.00 0.023 5.00 0.015 5.00 0.016 3.00 0.022
    3.00 0.100 7.00 0.011 7.00 0.011
    5.00 0.054                     
    6.80 0.033

