    0.00       0.20       0.50       1.00       2.00       5.00       10.00
       x     y    x     y    x     y    x     y    x     y
    0.01 0.010 0.01 0.015 0.01 0.052 0.01 0.104 0.01 0.163 0.01 0.129 0.01 0.070
    0.05 0.010 0.05 0.017 0.05 0.052 0.05 0.104 0.05 0.163 0.05 0.129 0.10 0.070
    0.10 0.010 0.10 0.020 0.10 0.054 0.10 0.104 0.10 0.163 0.10 0.127 0.30 0.070
    0.20 0.028 0.20 0.030 0.20 0.058 0.20 0.104 0.20 0.162 0.20 0.126         
    0.50 0.088 0.50 0.058 0.50 0.069 0.50 0.103 0.50 0.152 0.50 0.120          
    1.00 0.142 1.00 0.082 1.00 0.072 1.00 0.093 1.00 0.123 0.70 0.112
    1.50 0.151 1.30 0.084 2.00 0.055 2.00 0.061 2.00 0.074         
    2.00 0.140 2.00 0.075 3.00 0.039 3.00 0.043                    
    3.00 0.105 3.00 0.056                     
    5.00 0.058 6.80 0.020
    6.80 0.034

