    0.00       0.20       0.50       1.00       2.00       5.00       10.00
       x     y    x     y    x     y    x     y    x     y
    0.01 0.010 0.01 0.014 0.01 0.045 0.01 0.094 0.01 0.145 0.01 0.114 0.01 0.060
    0.05 0.010 0.05 0.015 0.05 0.045 0.05 0.094 0.05 0.145 0.05 0.114 0.10 0.060
    0.10 0.010 0.10 0.018 0.10 0.047 0.10 0.094 0.10 0.145 0.10 0.114 0.30 0.060
    0.20 0.028 0.20 0.027 0.20 0.050 0.20 0.094 0.20 0.143 0.20 0.112 0.50 0.059
    0.50 0.088 0.50 0.054 0.50 0.060 0.50 0.092 0.50 0.133 0.50 0.107
    1.00 0.142 1.00 0.074 0.80 0.063 1.00 0.080 1.00 0.110 0.70 0.100
    1.50 0.151 1.30 0.074 1.30 0.060 2.00 0.054 2.00 0.066 1.00 0.088
    2.00 0.140 2.00 0.068 2.00 0.050 3.00 0.037
    3.00 0.105 3.00 0.052 5.00 0.024
    5.00 0.058 6.80 0.019
    6.80 0.034

