    0.00       0.50       1.00       2.00       5.00       10.00
       x     y    x     y    x     y    x     y    x     y
    0.01 0.327 0.01 0.327 0.01 0.312 0.01 0.250 0.01 0.102 0.01 0.041
    0.05 0.325 0.05 0.325 0.05 0.312 0.05 0.250 0.05 0.102 0.10 0.040
    0.10 0.321 0.10 0.321 0.10 0.310 0.10 0.248 0.10 0.102 0.50 0.039
    0.20 0.318 0.20 0.318 0.20 0.298 0.20 0.243 0.20 0.101
    0.50 0.282 0.50 0.282 0.50 0.272 0.50 0.222 0.50 0.096
    1.00 0.200 1.00 0.217 1.00 0.210 1.00 0.172 1.00 0.077
    7.00 0.032 2.00 0.133 3.00 0.084 2.00 0.100
               5.00 0.057
                         

