    0.00       0.20       0.50       1.00       2.00       5.00             
       x     y    x     y    x     y    x     y    x     y
    0.01 0.010 0.01 0.018 0.01 0.068 0.01 0.143 0.01 0.208 0.01 0.163
    0.05 0.010 0.05 0.020 0.05 0.069 0.05 0.143 0.05 0.208 0.05 0.163
    0.10 0.011 0.10 0.024 0.10 0.070 0.10 0.143 0.10 0.207 0.10 0.162
    0.20 0.028 0.20 0.035 0.20 0.075 0.20 0.142 0.20 0.205 0.20 0.161
    0.50 0.088 0.50 0.066 0.50 0.086 0.50 0.140 0.50 0.190 0.30 0.160
    1.00 0.142 1.00 0.094 1.00 0.090 1.00 0.115 1.00 0.150         
    1.50 0.151 1.50 0.096 2.00 0.066 2.00 0.072                    
    2.00 0.140 2.00 0.088 3.00 0.046                                   
    6.80 0.038 5.00 0.036                   

