    0.00       0.20       0.50       1.00       2.00       5.00       10.00
       x     y    x     y    x     y    x     y    x     y
    0.01 0.327 0.01 0.327 0.01 0.327 0.01 0.312 0.01 0.257 0.01 0.102 0.01 0.037
    0.05 0.326 0.05 0.326 0.05 0.326 0.05 0.312 0.05 0.256 0.05 0.102 0.10 0.037
    0.10 0.325 0.10 0.325 0.10 0.325 0.10 0.310 0.10 0.254 0.10 0.101 0.50 0.035
    0.20 0.318 0.20 0.318 0.20 0.318 0.20 0.302 0.20 0.250 0.20 0.100 1.00 0.030
    0.50 0.282 0.50 0.282 0.50 0.282 0.50 0.275 0.50 0.229 0.50 0.094
    1.00 0.200 1.00 0.212 1.00 0.217 1.00 0.215 1.00 0.178 1.00 0.075
    7.00 0.032 2.00 0.131 2.00 0.133 3.00 0.088 2.00 0.102 2.00 0.044
               7.00 0.039 5.00 0.060 5.00 0.052 3.00 0.064
                          7.00 0.042

