    0.00       0.20       0.50       1.00       2.00       5.00       10.00
       x     y    x     y    x     y    x     y    x     y
    0.01 0.272 0.01 0.327 0.01 0.327 0.01 0.327 0.01 0.327 0.01 0.107 0.01 0.034
    0.05 0.271 0.05 0.326 0.05 0.326 0.05 0.326 0.05 0.326 0.05 0.106 0.10 0.034
    0.10 0.268 0.10 0.325 0.10 0.325 0.10 0.325 0.10 0.325 0.10 0.105 0.50 0.032
    0.20 0.262 0.20 0.318 0.20 0.318 0.20 0.318 0.20 0.318 0.20 0.104 1.00 0.027
    0.50 0.240 0.50 0.282 0.50 0.270 0.50 0.275 0.50 0.275 0.50 0.097 2.00 0.016
    1.00 0.187 1.00 0.212 1.00 0.220 1.00 0.220 1.00 0.200 1.00 0.076
    2.00 0.112 2.00 0.131 2.00 0.138 3.00 0.096 2.00 0.108 2.00 0.046
    7.00 0.032 7.00 0.039 5.00 0.064 5.00 0.059 5.00 0.037 3.00 0.026
                          7.00 0.044 7.00 0.042

