    0.00       0.20       0.50       1.00       2.00       5.00               
       x     y    x     y    x     y    x     y    x     y
    0.01 0.010 0.01 0.017 0.01 0.066 0.01 0.140 0.01 0.200 0.01 0.158            
    0.23 0.010 0.05 0.014 0.05 0.061 0.05 0.132 0.05 0.193 0.05 0.150                    
    0.50 0.026 0.08 0.010 0.10 0.052 0.10 0.120 0.10 0.180 0.10 0.131             
    1.00 0.043 0.21 0.010 0.20 0.027 0.20 0.090 0.20 0.140 0.20 0.080               
    1.30 0.044 0.50 0.060 0.25 0.010 0.40 0.030 0.30 0.092 0.30 0.046             
    2.00 0.040 0.70 0.086 0.39 0.010 0.52 0.010 0.40 0.060                       
    3.00 0.030 1.30 0.107 0.50 0.047 0.56 0.010 0.48 0.040                          
    6.8  0.010 2.00 0.101 0.70 0.067 0.60 0.027 0.51 0.033              
               3.00 0.076 1.00 0.120 0.70 0.063 0.55 0.033
               5.00 0.041 1.25 0.130 1.00 0.112 0.56 0.040
                          2.00 0.120 1.30 0.138 0.74 0.100
                          3.00 0.093 2.00 0.130 1.00 0.140
                                    

