    0.00       0.20       0.50       1.00       2.00       5.00       10.
       x     y    x     y    x     y    x     y    x     y
    0.01 0.010 0.01 0.010 0.01 0.025 0.01 0.052 0.01 0.088 0.01 0.076 0.01 0.038
    0.23 0.010 0.02 0.010 0.05 0.020 0.05 0.046 0.05 0.082 0.05 0.068 0.05 0.028
    0.50 0.026 0.13 0.010 0.07 0.016 0.10 0.037 0.10 0.067 0.10 0.050 0.1  0.015
    1.00 0.042 0.20 0.030 0.10 0.010 0.20 0.015 0.20 0.035 0.15 0.036 0.13 0.015
    1.30 0.044 0.30 0.056 0.20 0.020 0.22 0.015 0.30 0.017 0.20 0.022 0.20 0.060
    2.00 0.040 0.50 0.105 0.25 0.036 0.30 0.035 0.40 0.058 0.22 0.022 0.30 0.160
    3.00 0.030 1.00 0.170 0.30 0.053 0.40 0.070 0.50 0.107 0.30 0.080 0.50 0.370
    5.8  0.012 1.40 0.180 0.50 0.110 0.60 0.132 0.70 0.183 0.50 0.235 1.00 0.705
               2.00 0.170 1.00 0.192 0.80 0.176 1.00 0.260 1.00 0.513 1.50 0.780
               3.00 0.134 1.40 0.210 1.00 0.204 1.70 0.310 1.70 0.610 2.00 0.730
               5.00 0.080 2.00 0.200 1.50 0.227 2.00 0.308 2.00 0.600 2.60 0.615
               6.8  0.057 3.00 0.163 2.00 0.220 3.00 0.260 3.00 0.500
                          6.8  0.076 3.00 0.180 5.00 0.173
                                     5.00 0.117
                                     6.8  0.088

