    0.00       0.50       1.00       2.00       5.00                                   
       x     y    x     y    x     y    x     y    x     y
    0.01 0.098 0.01 0.101 0.01 0.122 0.01 0.188 0.01 0.315
    0.05 0.098 0.05 0.101 0.05 0.122 0.05 0.187 0.05 0.315
    0.10 0.097 0.10 0.101 0.10 0.121 0.10 0.185 0.10 0.314
    0.20 0.096 0.20 0.100 0.20 0.120 0.20 0.180 0.30 0.290
    0.50 0.094 0.50 0.096 0.50 0.103 0.50 0.159           
    1.00 0.059 1.00 0.064 0.80 0.086 1.00 0.116           
    2.00 0.038 3.00 0.025 1.30 0.053                       
    6.70 0.010            2.00 0.042                       
                                         
                   
                   

