    0.00       0.20       0.50       1.00       2.00       5.00       10.
       x     y    x     y    x     y    x     y    x     y
    0.01 0.010 0.01 0.013 0.01 0.044 0.01 0.089 0.01 0.140 0.01 0.110 0.01 0.057
    0.23 0.010 0.04 0.010 0.05 0.037 0.05 0.083 0.05 0.132 0.05 0.100 0.05 0.048
    0.50 0.026 0.16 0.010 0.10 0.027 0.10 0.070 0.10 0.127 0.10 0.081 0.1  0.030
    1.00 0.042 0.30 0.044 0.17 0.010 0.20 0.040 0.20 0.078 0.20 0.046 0.12 0.025
    1.30 0.044 0.50 0.085 0.20 0.020 0.30 0.020 0.30 0.047 0.25 0.034 0.16 0.025
    2.00 0.040 0.70 0.115 0.40 0.065 0.36 0.020 0.40 0.047 0.28 0.034 0.30 0.117
    3.00 0.030 1.00 0.140 0.50 0.085 0.40 0.037 0.50 0.085 0.50 0.215 0.50 0.300
    6.8  0.010 1.20 0.150 1.00 0.162 0.60 0.098 0.70 0.150 0.70 0.350
               2.00 0.140 1.20 0.178 0.80 0.141 1.00 0.230 1.00 0.470
               3.00 0.103 2.00 0.169 1.00 0.170 1.30 0.280
               6.80 0.040 5.00 0.080 1.30 0.192 2.00 0.280
                                     2.00 0.186                   
                                     3.00 0.148

