    0.00       0.20       1.00       2.00       5.00       10.
       x     y    x     y    x     y    x     y    x     y
    0.01 0.098 0.01 0.098 0.01 0.116 0.01 0.179 0.01 0.326 0.01 0.388
    0.05 0.098 0.05 0.098 0.05 0.116 0.05 0.179 0.05 0.325 0.10 0.386
    0.10 0.097 0.10 0.097 0.10 0.115 0.10 0.175 0.10 0.322 0.20 0.384
    0.20 0.096 0.20 0.096 0.20 0.112 0.20 0.170 0.30 0.302 0.50 0.338
    0.50 0.093 0.50 0.094 0.50 0.098 0.50 0.150 0.50 0.277 1.00 0.245
    1.00 0.059 1.00 0.064 1.00 0.073 1.00 0.110 1.00 0.200
    2.00 0.038 3.00 0.027 3.00 0.028 2.00 0.057 2.00 0.094
    6.70 0.010 7.00 0.012 5.00 0.017 3.00 0.035
                                         
                   
                   

