    0.00       0.20       0.50       1.00       2.00       5.00               
       x     y    x     y    x     y    x     y    x     y
    0.01 0.010 0.01 0.015 0.01 0.050 0.01 0.105 0.01 0.160 0.01 0.123
    0.23 0.010 0.05 0.011 0.05 0.046 0.05 0.100 0.05 0.153 0.05 0.117
    0.50 0.026 0.06 0.010 0.10 0.035 0.10 0.087 0.10 0.148 0.10 0.096
    1.00 0.042 0.18 0.010 0.20 0.013 0.20 0.054 0.20 0.096 0.20 0.050
    1.30 0.044 0.50 0.076 0.27 0.015 0.30 0.027 0.30 0.058 0.25 0.025
    2.00 0.040 0.70 0.100 0.40 0.045 0.36 0.016 0.40 0.030 0.29 0.025
    3.00 0.030 1.00 0.128 0.50 0.073 0.47 0.018 0.46 0.030 0.40 0.100
    6.8  0.010 1.20 0.133 1.00 0.149 0.60 0.070 0.50 0.056 0.50 0.180
               2.00 0.125 1.20 0.160 0.80 0.130 0.55 0.033 0.70 0.315
               3.00 0.092 2.00 0.150 1.00 0.160 0.80 0.158
               7.00 0.033 3.00 0.120 1.30 0.170 1.20 0.250
                                     2.00 0.165 2.00 0.255
                                     3.00 0.130

