         0.25,15.0,1.31,1.84,0.31,0.49,1.09
         0.25,50.0,1.24,1.62,0.21,0.46,1.04
         0.25,100.0,1.16,1.45,0.15,0.44,0.97
         0.25,300.0,1.02,1.17,0.09,0.46,0.92
         0.50,15.0,1.09,1.36,0.64,0.75,1.00
         0.50,50.0,1.08,1.31,0.57,0.75,0.98
         0.50,100.0,1.04,1.26,0.51,0.76,0.94
         0.50,300.0,0.99,1.13,0.39,0.77,0.95
         2.00,15.0,1.20,0.97,1.70,1.30,1.00
         2.00,50.0,1.1588,0.9618,1.5888,1.2259,1.0782
         2.00,100.0,1.10,0.95,1.43,1.12,1.19
         2.00,300.0,1.00,0.90,1.30,1.00,0.00
         4.00,15.0,1.47,1.08,1.75,1.31,1.00
         4.00,50.0,1.4329,1.0718,1.6429,1.1041,1.2018
         4.00,100.0,1.38,1.06,1.49,0.81,1.49
         4.00,300.0,1.27,0.98,1.36,0.74,0.00
         0.25,15.0,1.80,1.24,0.75,0.43,1.14
         0.25,50.0,1.65,1.16,0.77,0.33,1.13
         0.25,100.0,1.59,1.11,0.80,0.24,1.18
         0.25,300.0,1.56,1.11,0.90,0.07,1.31
         0.50,15.0,1.08,1.04,0.90,0.76,1.00
         0.50,50.0,1.0759,1.0318,0.9288,0.7271,1.00
         0.50,100.0,1.07,1.02,0.97,0.68,1.00
         0.50,300.0,1.05,1.02,1.10,0.60,1.00
         2.00,15.0,0.94,1.12,0.87,1.30,0.00
         2.00,50.0,0.9194,1.0994,0.8453,1.2382,0.00
         2.00,100.0,0.89,1.07,0.81,1.15,1.09
         2.00,300.0,0.79,0.90,0.80,1.50,0.00
         4.00,15.0,0.90,1.24,0.68,1.20,1.39
         4.00,50.0,0.8629,1.1906,0.6100,1.1300,1.3035
         4.00,100.0,0.81,1.12,0.51,1.03,1.18
         4.00,300.0,0.64,0.83,0.50,1.33,0.00
         .03,.06,.09,.12,.15,.18,.21,.24,.27,.30,.33,.36,.39,.42,.45,.48,.51
         5.0,7.5,10.0,15.0,25.0,35.0,50.0,75.0,100.0,150.0
         .05,.1,.15,.2,.25,.3,.35,.4,.45,.5,.55,.6,.65,.7,.75,.8,.85,.9,.95,1.
         1.05,1.1,1.15,1.2,1.25,1.3,1.35,1.4,1.5,1.6,1.65,1.7,1.8,1.9,1.95,2.
         2.05,2.1,2.2

