    1.50       2.00       2.50       3.00       3.50       4.00       5.00       6.00       7.00       8.00
       x     y    x     y    x     y    x     y    x     y    x     y    x     y    x     y    x     y    x     y
    0.00 1.000 0.00 1.000 0.00 1.000 0.00 1.000 0.00 1.000 0.00 1.000 0.00 1.000 0.00 1.000 0.00 1.000 0.00 1.000 
    0.10 1.060 0.10 1.070 0.10 1.080 0.10 1.090 0.10 1.095 0.10 1.100 0.10 1.105 0.10 1.110 0.10 1.115 0.10 1.120
    0.20 1.080 0.20 1.110 0.20 1.130 0.20 1.150 0.20 1.170 0.20 1.180 0.20 1.200 0.20 1.230 0.20 1.250 0.20 1.270 
    0.30 1.095 0.30 1.125 0.30 1.500 0.30 1.180 0.30 1.210 0.30 1.240 0.30 1.280 0.30 1.325 0.30 1.370 0.30 1.400 
    0.40 1.100 0.40 1.135 0.40 1.137 0.40 1.210 0.40 1.250 0.40 1.270 0.40 1.240 0.40 1.410 0.40 1.470 0.40 1.530 
    0.50 1.100 0.50 1.140 0.50 1.190 0.50 1.230 0.50 1.270 0.50 1.320 0.50 1.400 0.50 1.480 0.50 1.570 0.50 1.640 
    0.60 1.095 0.60 1.150 0.60 1.200 0.60 1.250 0.60 1.290 0.60 1.340 0.60 1.430 0.60 1.540 0.60 1.640 0.60 1.750 
               0.70 1.140 0.70 1.200 0.70 1.250 0.70 1.310 0.70 1.360 0.70 1.470 0.70 1.580 0.70 1.700 0.70 1.820 
                          0.80 1.200 0.80 1.260 0.80 1.320 0.80 1.370 0.80 1.490 0.80 1.620 0.80 1.750 0.80 1.900 
                          0.90 1.095 0.90 1.265 0.90 1.324 0.90 1.380 0.90 1.510 0.90 1.650 0.90 1.795 0.90 1.950 
                          1.00 1.090 1.00 1.265 1.00 1.328 1.00 1.390 1.00 1.520 1.00 1.670 1.00 1.820 1.00 1.990 
