0.10, 0.0353, 1.2502,-0.0491,  0.3604,-0.6100
0.25, 0.0135, 0.9910, 1.0080, -1.0498, 0.0184
0.50, 0.0054, 0.5279, 3.0461, -4.3657, 1.9435
2.00,-0.0029, 0.2126, 3.9906, -6.1730, 3.4307
0.10,-0.0958, 0.6209,-0.8683,  2.1099,-1.6831
0.15, 0.8897,-9.0855,36.1435,-59.5425,35.8223
0.25, 0.7439,-4.4989,12.5779,-14.2092, 5.7822
0.50, 0.9100,-4.8901,12.4325,-12.7039, 4.4298
1.00, 0.9923,-4.8759,12.3572,-13.7214, 5.7629
2.00, 0.9966,-4.1978, 9.0478, -7.9955, 2.2398
0.10, 0.0676, 1.5756,-1.2119,  1.7715,-1.2628
0.25, 0.0250, 1.9251,-3.5230,  6.9830,-5.0017
0.50, 0.0394, 1.3024,-1.1041,  2.8714,-2.3994
2.00, 0.0372, 1.0314,-0.6402,  2.6201,-2.1929
0.10,-0.0791, 0.6008,-0.3468,  0.4858,-0.3606
0.15, 0.3345,-2.8420,10.9709,-15.8994, 8.3516
0.25, 0.4296,-2.6350, 8.6864,-11.5227, 5.8544
0.50, 0.3636,-0.8057, 2.0463, -2.2902, 1.1862
1.00, 0.3527,-0.2842, 0.4354, -0.0901,-0.1590
2.00, 0.3341, 0.1260,-0.6920,  0.6877,-0.0600