REM  ASA B-36.10 / NOMINAL DIAMETERS OF STANDARD PIPES
1/8,1/4,3/8,1/2,3/4,1,1 1/4,1 1/2,2,2 1/2,3,3 1/2,4,5,6,8,10,12,14,16,18,20,22,24,26,28,30,32,34,36
REM  ASA B-36.10 / NOMINAL DIAMETERS OF STANDARD PIPES
.125,.25,.375,.5,.75,1.,1.25,1.5,2.,2.5,3.,3.5,4.,5.,6.,8.,10.,12.,14.,16.,18.,20.,22.,24.,26.,28.,30.,32.,34.,36.
REM  ASA B-36.10 / OUTSIDE DIAMETERS OF STANDARD PIPES
10.3,13.7,17.1,21.3,26.7,33.4,42.2,48.3,60.3,73.,88.9,101.6,114.3,141.3,168.3,219.1,273.,323.9,355.6,406.4,457.2,508.,558.,609.6,660.4,711.2,762.,812.8,863.6,914.4
REM  ASA B-36.10 / WALL THICKNESS OF STANDARD SCHEDULES
1.73,2.24,2.31,2.77,2.87,3.38,3.56,3.68,3.91,5.16,5.49,5.74,6.02,6.55,7.11,8.18,9.27,9.52,9.52,9.52,9.52,9.52,9.52,9.52,9.52,9.52,9.52,9.52,9.52,9.52
REM  ASA B-36.10 / WALL THICKNESS OF EXTRA STRONG SCHEDULES
2.41,3.02,3.2,3.73,3.91,4.55,4.85,5.08,5.54,7.01,7.62,8.08,8.56,9.52,10.97,12.7,12.7,12.7,12.7,12.7,12.7,12.7,12.7,12.7,12.7,12.7,12.7,12.7,12.7,12.7
REM  ASA B-36.10 / WALL THICKNESS OF DOUBLE EXTRA STRONG SCHEDULES
0.,0.,0.,7.47,7.82,9.09,9.7,10.16,11.07,14.02,15.24,0.,17.12,19.05,21.95,22.22,25.4,25.4,0.,0.,0.,0.,0.,0.,0.,0.,0.,0.,0.,0.
REM  ASA B-36.10 / WALL THICKNESS OF PIPE SCHEDULES 10
0.,0.,0.,0.,0.,0.,0.,0.,0.,0.,0.,0.,0.,0.,0.,0.,0.,0.,6.35,6.35,6.35,6.35,6.35,6.35,7.92,7.92,7.92,7.92,7.92,7.92
REM  ASA B-36.10 / WALL THICKNESS OF PIPE SCHEDULES 20
0.,0.,0.,0.,0.,0.,0.,0.,0.,0.,0.,0.,0.,0.,0.,6.35,6.35,6.35,7.92,7.92,7.92,9.52,9.52,9.52,12.7,12.7,12.7,12.7,12.7,12.7
REM  ASA B-36.10 / WALL THICKNESS OF PIPE SCHEDULES 30
0.,0.,0.,0.,0.,0.,0.,0.,0.,0.,0.,0.,0.,0.,0.,7.04,7.8,8.38,9.52,9.52,11.13,12.7,12.7,14.27,0.,15.88,15.88,15.88,15.88,15.88
REM  ASA B-36.10 / WALL THICKNESS OF PIPE SCHEDULES 40
1.73,2.24,2.31,2.77,2.87,3.38,3.56,3.68,3.91,5.16,5.49,5.74,6.02,6.55,7.11,8.18,9.27,10.31,11.13,12.7,14.27,15.09,0.,17.48,0.,0.,0.,17.48,17.48,17.48
REM  ASA B-36.10 / WALL THICKNESS OF PIPE SCHEDULES 60
0.,0.,0.,0.,0.,0.,0.,0.,0.,0.,0.,0.,0.,0.,0.,10.31,12.7,14.27,15.09,16.66,19.05,20.62,22.22,24.61,0.,0.,0.,0.,0.,0.
REM  ASA B-36.10 / WALL THICKNESS OF PIPE SCHEDULES 80
2.41,3.02,3.2,3.73,3.91,4.55,4.85,5.08,5.54,7.01,7.62,8.08,8.56,9.52,10.97,12.7,15.09,17.48,19.05,21.44,23.83,26.19,28.58,30.96,0.,0.,0.,0.,0.,0.
REM  ASA B-36.10 / WALL THICKNESS OF PIPE SCHEDULES 100
0.,0.,0.,0.,0.,0.,0.,0.,0.,0.,0.,0.,0.,0.,0.,15.09,18.26,21.44,23.83,26.19,29.36,32.54,34.92,38.89,0.,0.,0.,0.,0.,0.
REM  ASA B-36.10 / WALL THICKNESS OF PIPE SCHEDULES 120
0.,0.,0.,0.,0.,0.,0.,0.,0.,0.,0.,0.,11.13,12.7,14.27,18.26,21.44,25.4,27.79,30.96,34.92,38.1,41.28,46.02,0.,0.,0.,0.,0.,0.
REM  ASA B-36.10 / WALL THICKNESS OF PIPE SCHEDULES 140
0.,0.,0.,0.,0.,0.,0.,0.,0.,0.,0.,0.,0.,0.,0.,20.62,25.4,28.58,31.75,36.53,39.67,44.45,47.62,52.37,0.,0.,0.,0.,0.,0.
REM  ASA B-36.10 / WALL THICKNESS OF PIPE SCHEDULES 160
0.,0.,0.,4.78,5.56,6.35,6.35,7.14,8.74,9.52,11.13,0.,13.49,15.88,18.26,23.01,28.58,33.32,35.71,40.49,45.24,50.01,53.98,59.54,0.,0.,0.,0.,0.,0.
REM  ASA B-36.19 / WALL THICKNESS OF PIPE SCHEDULES 5S
0.,0.,0.,1.65,1.65,1.65,1.65,1.65,1.65,2.1,2.1,2.1,2.1,2.77,2.77,2.77,3.4,3.96,0.,0.,0.,0.,0.,0.,0.,0.,0.,0.,0.,0.
REM  ASA B-36.19 / WALL THICKNESS OF PIPE SCHEDULES 10S
1.24,1.65,1.65,2.1,2.1,2.77,2.77,2.77,2.77,3.05,3.05,3.05,3.05,3.4,3.4,3.76,4.19,4.57,0.,0.,0.,0.,0.,0.,0.,0.,0.,0.,0.,0.
REM  ASA B-36.19 / WALL THICKNESS OF PIPE SCHEDULES 40S
1.73,2.24,2.31,2.77,2.87,3.38,3.56,3.68,3.91,5.16,5.49,5.74,6.02,6.55,7.11,8.18,9.27,9.52,0.,0.,0.,0.,0.,0.,0.,0.,0.,0.,0.,0.
REM  ASA B-36.19 / WALL THICKNESS OF PIPE SCHEDULES 80S
2.41,3.,3.2,3.73,3.91,4.55,4.85,5.08,5.54,7.01,7.62,8.08,8.56,9.52,11.,12.7,12.7,12.7,0.,0.,0.,0.,0.,0.,0.,0.,0.,0.,0.,0.
REM  TEMA CLASS R / MIN.NOMINAL WALL THICKNESS OF C.S. PIPES
0.,0.,0.,0.,0.,0.,0.,0.,0.,0.,0.,0.,0.,0.,0.,7.04,7.8,8.38,9.52,9.52,9.52,9.52,9.52,9.52,9.52,9.52,0.,0.,0.,0.
REM  TEMA CLASS C&B / MIN.NOMINAL WALL THICKNESS OF C.S. PIPES
0.,0.,0.,0.,0.,0.,0.,0.,0.,0.,0.,0.,0.,0.,7.11,7.04,7.8,8.38,7.92,7.92,7.92,9.52,9.52,0.,0.,0.,0.,0.,0.,0.
REM  TEMA CLASS R / MIN.NOMINAL WALL THICKNESS OF ALLOY PIPES
0.,0.,0.,0.,0.,0.,0.,0.,0.,0.,0.,0.,0.,0.,0.,3.17,3.17,3.17,4.76,4.76,4.76,4.76,4.76,4.76,4.76,4.76,6.35,6.35,6.35,6.35
REM  TEMA CLASS C&B / MIN.NOMINAL WALL THICKNESS OF ALLOY PIPES
0.,0.,0.,0.,0.,0.,0.,0.,0.,0.,0.,0.,0.,0.,3.17,3.17,3.17,3.17,3.17,3.17,3.17,3.17,3.17,4.76,4.76,4.76,6.35,6.35,6.35,6.35
REM  ANSI B-16.5 / NOMINAL DIAMETERS OF STANDARD LWN FLANGES
1/2,3/4,1,1 1/4,1 1/2,2,2 1/2,3,3 1/2,4,5,6,8,10,12,14,16,18,20,24,26,28,30,36,42,44,46,48,50,52,54,56,58,60
REM  ANSI B-16.5 / NOMINAL DIAMETERS OF STANDARD LWN FLANGES
.5,.75,1.,1.25,1.5,2.,2.5,3.,3.5,4.,5.,6.,8.,10.,12.,14.,16.,18.,20.,24.,26.,28.,30.,36.,42.,44.,46.,48.,50.,52.,54.,56.,58.,60.
REM  ANSI B-16.5 / INSIDE DIAMETERS OF STANDARD LWN FLANGES
13.,19.,25.,32.,38.,51.,63.,76.,89.,102.,127.,152.,203.,254.,305.,356.,406.,457.,508.,610.,660.,711.,762.,914.,1067.,0.,0.,0.,0.,0.,0.,0.,0.,0.
REM  ANSI B-16.5 / OUTSIDE DIAMETERS OF 150# STANDARD LWN FLANGES
21.,38.,51.,60.,67.,83.,95.,108.,124.,140.,165.,197.,248.,305.,365.,406.,457.,508.,559.,667.,724.,775.,825.,984.,1143.,0.,0.,0.,0.,0.,0.,0.,0.,0.
REM  ANSI B-16.5 / OUTSIDE DIAMETERS OF 300# STANDARD LWN FLANGES
38.,48.,54.,64.,70.,84.,100.,117.,133.,146.,178.,206.,260.,321.,375.,425.,483.,533.,587.,702.,749.,800.,857.,1016.,1168.,0.,0.,0.,0.,0.,0.,0.,0.,0.
REM  ANSI B-16.5 / OUTSIDE DIAMETERS OF 400# STANDARD LWN FLANGES
38.,48.,54.,64.,70.,84.,100.,117.,133.,146.,178.,206.,260.,321.,375.,425.,483.,533.,587.,702.,689.,740.,794.,844.,952.,0.,0.,0.,0.,0.,0.,0.,0.,0.
REM  ANSI B-16.5 / OUTSIDE DIAMETERS OF 600# STANDARD LWN FLANGES
38.,48.,54.,64.,70.,84.,100.,117.,133.,152.,191.,222.,273.,343.,400.,432.,495.,546.,610.,718.,699.,752.,806.,860.,968.,0.,0.,0.,0.,0.,0.,0.,0.,0.
REM  ANSI B-16.5 / OUTSIDE DIAMETERS OF 900# STANDARD LWN FLANGES
38.,45.,52.,64.,70.,105.,124.,127.,0.,159.,191.,235.,298.,368.,419.,451.,508.,565.,622.,749.,0.,0.,0.,0.,0.,0.,0.,0.,0.,0.,0.,0.,0.,0.
REM  ANSI B-16.5 / OUTSIDE DIAMETERS OF 1500# STANDARD LWN FLANGES
38.,45.,52.,64.,70.,105.,124.,133.,0.,162.,197.,229.,292.,368.,451.,495.,552.,592.,641.,762.,0.,0.,0.,0.,0.,0.,0.,0.,0.,0.,0.,0.,0.,0.
REM  ANSI B-16.5 / OUTSIDE DIAMETERS OF 2500# STANDARD LWN FLANGES
43.,51.,51.,73.,79.,95.,114.,134.,0.,165.,203.,235.,305.,375.,442.,0.,0.,0.,0.,0.,0.,0.,0.,0.,0.,0.,0.,0.,0.,0.,0.,0.,0.,0.
REM  TEMA CLASS R&C&B / MIN.NOMINAL WALL THICKNESS OF PLATE SHELL
152.4,203.2,330.2,609.6,762.,1016.,1549.4,2057.4,2540.,0.,0.,9.52,9.52,11.11,12.7,12.7,12.7,12.7,0.,3.17,4.76,4.76,6.35,7.94,7.94,7.94,7.94,0.,0.,7.94,7.94,9.52,11.11,11.11,11.11,11.11,3.17,3.17,3.17,4.76,6.35,6.35,6.35,6.35,6.35
REM  TAB.UG-37 / VALUES OF SPHERICAL RADIUS FACTOR K1
3.,2.8,2.6,2.4,2.2,2.,1.8,1.6,1.4,1.2,1.,1.36,1.27,1.18,1.08,.99,.9,.81,.73,.65,.57,.5
REM  FIG.UG-37 / TABULAR VALUES OF CORRECTION FACTOR F
0.,7.5,15.,20.,25.,30.,35.,40.,45.,50.,55.,60.,65.,70.,75.,82.5,90.,1.,.99,.97,.945,.915,.88,.84,.8,.75,.7,.66,.62,.585,.555,.53,.51,.5

