    0.10       0.4        0.9        1.50
       Figure G.2(25)  Mx/W 
    0.1  0.38  0.4  0.18  0.9  0.08  1.5  0.045
    0.15 0.25  0.5  0.125 1.5  0.018 2.   0.016
    0.2  0.185 0.75 0.06  2.   -.003 2.5  0.
    0.3  0.122 1.   0.027 2.5  -.01  3.   -.006
    0.5  0.07  1.4  0.    4.   -.006 4.   -.006
    0.7  0.037 2.   -.015                        
    1.   0.008 1.   -.018                        
    1.5  -.014 4.   -.006                         
    2.   -.02                                      
    2.5  -.02                                     
    4.   -.006                                    

