    0.00       0.25       0.50       1.00
       Figure G.2(31)  R/T=30
    0.06 1.26  0.06 1.15  0.06 0.8   0.06 0.8
    0.2  2.3   0.2  2.    0.1  1.18  0.1  1.18
    0.4  2.8   0.3  2.27  0.2  1.4   0.2  1.5
    0.5  3.    0.4  2.4   0.3  1.53  0.3  1.68
    0.6  3.1   0.6  2.45  0.5  1.68  0.5  1.82
    0.7  3.1   0.7  2.43  0.7  1.7   0.7  1.83
    0.8  3.05  1.   2.35  1.   1.73  1.   1.8
    0.9  3.0   2.   2.05  2.   1.67  2.   1.7
    1.   2.94             3.   1.6   3.   1.62
    2.3  2.5              5.   1.5   5.   1.5
                          6.   1.42  6.   1.42

