    0.00       0.25       0.50       1.00
       Figure G.2(33)  R/T=90
    0.06 0.2   0.06 0.2   0.06 0.2   0.06 0.2                         
    0.1  0.4   0.1  0.33  0.1  0.3   0.1  0.3                           
    0.2  0.78  0.2  0.63  0.2  0.5   0.2  0.5                           
    0.3  1.2   0.3  0.95  0.3  0.64  0.3  0.7                        
    0.4  1.52  0.4  1.22  0.4  0.78  0.4  0.9                          
    0.6  2.05  0.6  1.7   0.6  1.    0.6  1.2                          
    0.8  2.45  0.8  1.8   0.8  1.2   0.8  1.4                            
    1.   2.7   1.   2.02  1.   1.26  1.   1.5                             
    1.4  2.8   1.5  2.15  2.   1.45  1.5  1.63
    2.   2.79  2.   2.12  3.   1.45  2.   1.65
    3.   2.65  3.   1.95  4.   1.41  3.   1.57
    4.   2.45  4.   1.72  5.   1.35  4.   1.49
                                     5.   1.35

