    0.00       1.00       2.00       5.00        10.
       x     y    x     y    x     y    x     y    x     y
    0.01 0.960 0.01 0.900 0.01 0.680 0.01 0.370 0.01 0.110
    0.05 0.700 0.05 0.650 0.05 0.580 0.05 0.190 0.05 0.075
    0.10 0.680 0.10 0.550 0.10 0.400 0.10 0.150 0.10 0.060
    0.20 0.480 0.20 0.430 0.20 0.315 0.20 0.120 0.20 0.047
    0.50 0.330 0.50 0.300 0.50 0.210 0.50 0.072 0.30 0.029
    1.00 0.230 1.00 0.210 1.00 0.140 1.00 0.045
    2.00 0.145 2.00 0.130 2.00 0.082
    3.00 0.110 3.00 0.098
    5.00 0.062

