    0.00       0.50       2.00       5.00        10.0
       x     y    x     y    x     y    x     y    x     y
    0.01 0.950 0.01 0.950 0.01 0.650 0.01 0.270 0.01 0.120
    0.05 0.680 0.05 0.680 0.05 0.460 0.05 0.190 0.05 0.083
    0.10 0.580 0.10 0.580 0.10 0.380 0.10 0.150 0.10 0.068
    0.20 0.460 0.20 0.460 0.20 0.300 0.20 0.120 0.20 0.054
    0.50 0.330 0.50 0.330 0.50 0.200 0.50 0.075 0.30 0.049
    1.00 0.230 1.00 0.230 1.00 0.130 0.70 0.060
    2.00 0.150 2.00 0.145 2.00 0.076
    3.00 0.110 3.00 0.106
               5.00 0.062

