    0.00       1.00       2.00       5.00        10.0
       x     y    x     y    x     y    x     y    x     y
    0.01 0.980 0.01 0.920 0.01 0.750 0.01 0.280 0.01 0.090
    0.05 0.700 0.05 0.660 0.05 0.540 0.05 0.200 0.05 0.062
    0.10 0.580 0.10 0.560 0.10 0.450 0.10 0.160 0.10 0.050
    0.20 0.480 0.20 0.450 0.20 0.350 0.20 0.125 0.20 0.038
    0.50 0.330 0.50 0.315 0.50 0.240 0.50 0.079 0.50 0.023
    1.00 0.230 1.00 0.220 1.00 0.160 1.00 0.050 1.00 0.014
    2.00 0.145 2.00 0.140 2.00 0.100 2.00 0.027
    3.00 0.110 3.00 0.110 3.00 0.070 3.00 0.017
    5.00 0.062 5.00 0.076 5.00 0.045

