    0.00       0.50       1.00       2.00       5.00
       x     y    x     y    x     y    x     y    x     y
    0.01 0.980 0.01 0.980 0.01 0.870 0.01 0.650 0.01 0.310
    0.05 0.700 0.05 0.700 0.05 0.620 0.05 0.460 0.05 0.220
    0.10 0.580 0.10 0.580 0.10 0.520 0.10 0.380 0.10 0.175
    0.20 0.475 0.20 0.475 0.20 0.415 0.20 0.290 0.20 0.145
    0.50 0.325 0.50 0.325 0.50 0.280 0.50 0.190 0.29 0.150
    1.00 0.250 1.00 0.250 1.00 0.190 0.96 0.122
    2.00 0.140 2.00 0.150 1.90 0.120
    3.00 0.105 3.00 0.110
    4.90 0.064 4.90 0.072

