    0.00       0.20       0.50       1.00        2.0       5.00               
       x     y    x     y    x     y    x     y    x     y    x     y           
    0.01 0.095 0.01 0.195 0.01 0.170 0.02 0.110 0.01 0.220 0.01 0.086          
    0.05 0.092 0.05 0.205 0.05 0.220 0.05 0.160 0.02 0.150 .015 0.067          
    0.10 0.088 0.10 0.200 0.10 0.230 0.10 0.190 0.03 0.080 .018 0.050          
    0.20 0.080 0.20 0.190 0.20 0.220 0.20 0.210 .032 0.035 .018 0.050
    0.50 0.066 0.50 0.150 0.50 0.175 0.50 0.170 .034 0.035 0.05 0.130
    1.00 0.049 1.00 0.115 1.00 0.140 1.00 0.120 0.05 0.082 0.10 0.185
    2.00 0.028 2.00 0.080 2.00 0.098 2.00 0.110 0.10 0.130 0.20 0.240
    3.00 0.020 3.00 0.062 3.00 0.087            0.20 0.165 0.30 0.260
    5.00 0.014 5.00 0.048                       0.30 0.175          
                                                0.50 0.160          
                                                0.70 0.145          
                                                1.00 0.155

