    0.00       0.20       0.50       1.00       2.00       5.00       10.00
       x     y    x     y    x     y    x     y    x     y    x     y     x
    0.01 0.320 0.01 0.155 0.01 0.180 0.01 0.280 0.01 0.400 0.01 0.300  0.01 0.165
    0.05 0.310 0.05 0.140 0.05 0.145 0.05 0.220 0.05 0.290 0.05 0.220  0.05 0.137
    0.10 0.295 0.10 0.135 0.10 0.130 0.10 0.180 0.10 0.240 0.10 0.180  0.10 0.098
    0.20 0.270 0.20 0.120 0.20 0.110 0.20 0.150 0.20 0.190 0.20 0.140  0.20 0.076
    0.50 0.230 0.50 0.105 0.50 0.085 0.50 0.110 0.50 0.130 0.50 0.090  0.30 0.065
    1.00 0.170 1.00 0.080 1.00 0.065 1.00 0.080 1.00 0.090 0.70 0.060  0.50 0.052
    2.00 0.100 2.00 0.055 2.00 0.045 2.00 0.050
    3.00 0.069 3.00 0.048 3.00 0.039 3.00 0.042
    5.00 0.048 5.00 0.039 5.00 0.033

