    0.00       0.20       0.50       1.00       2.00       5.00       10.00
       x     y    x     y    x     y    x     y    x     y    x     y     x
    0.01 0.320 0.01 0.105 0.01 0.110 0.01 0.170 0.01 0.260 0.01 0.210  0.01 0.108
    0.05 0.310 0.05 0.095 0.05 0.088 0.05 0.130 0.05 0.190 0.05 0.150  0.05 0.074
    0.10 0.300 0.10 0.088 0.10 0.078 0.10 0.110 0.10 0.160 0.10 0.125  0.10 0.061
    0.20 0.270 0.20 0.082 0.20 0.068 0.20 0.090 0.20 0.125 0.20 0.098  0.20 0.046
    0.50 0.225 0.50 0.070 0.50 0.054 0.50 0.065 0.50 0.088 0.50 0.062  0.50 0.031
    1.00 0.165 1.00 0.055 1.00 0.040 1.00 0.047 1.00 0.060 1.00 0.040  1.00 0.020
    2.00 0.100 2.00 0.042 2.00 0.028 2.00 0.030 2.00 0.047 2.00 0.023  2.00 0.014
    3.00 0.068 3.00 0.035 3.00 0.025 3.00 0.026 3.00 0.027 3.00 0.016
    5.00 0.045 5.00 0.032 5.00 0.023 5.00 0.022 5.00 0.200

