    0.00       0.20       0.50       1.00       2.00       5.00       10.00
       x     y    x     y    x     y    x     y    x     y    x     y     x     y
    0.01 0.096 0.01 0.280 0.01 0.320 0.01 0.295 0.01 0.190 0.01 0.205  0.01 0.308
    0.05 0.092 0.05 0.290 0.05 0.330 0.05 0.340 0.05 0.280 0.05 0.290  0.05 0.360
    0.10 0.090 0.10 0.290 0.10 0.330 0.10 0.340 0.10 0.310 0.10 0.325  0.10 0.390
    0.20 0.082 0.20 0.260 0.20 0.310 0.20 0.320 0.20 0.320 0.20 0.360  0.20 0.433
    0.50 0.068 0.50 0.215 0.50 0.240 0.50 0.250 0.50 0.280 0.50 0.390  0.30 0.455
    1.00 0.050 1.00 0.170 1.00 0.190 1.00 0.180 1.00 0.210 1.00 0.330  0.40 0.465
    2.00 0.026 2.00 0.125 2.00 0.140 2.00 0.130 2.00 0.150 2.00 0.250  0.50 0.465
    3.00 0.022 3.00 0.110 3.00 0.130 3.00 0.130 3.00 0.145             0.70 0.447
    5.00 0.019 5.00 0.092 5.00 0.130 5.00 0.135                        1.0  0.405

