    0.00       1.00       2.00       5.00       10.00
       x     y    x     y    x     y    x     y    x     y
    0.01 0.330 0.01 0.310 0.01 0.250 0.01 0.100 0.01 0.046
    0.05 0.330 0.05 0.310 0.05 0.250 0.05 0.100 0.05 0.046
    0.10 0.330 0.10 0.310 0.10 0.250 0.10 0.100 0.10 0.046
    0.20 0.330 0.20 0.300 0.20 0.250 0.20 0.100 0.20 0.045
    0.50 0.330 0.50 0.300 0.50 0.240 0.50 0.940 0.50 0.034
    1.00 0.310 1.00 0.290 1.00 0.220 1.00 0.860 1.00 0.032
    2.00 0.290 2.00 0.260 2.00 0.190 2.00 0.680
    3.00 0.270 3.00 0.230 3.00 0.160
    5.00 0.230 5.00 0.200
    7.00 0.210

