    0.00       0.20       0.50       1.00       2.00       5.00       10.00
       x     y    x     y    x     y    x     y    x     y    x     y     x     y
    0.01 0.096 0.01 0.270 0.01 0.290 0.01 0.230 0.01 0.120 0.01 0.155  0.01 0.277
    0.05 0.092 0.05 0.270 0.05 0.310 0.05 0.300 0.05 0.230 0.05 0.250  0.05 0.323
    0.10 0.090 0.10 0.260 0.10 0.310 0.10 0.310 0.10 0.260 0.10 0.290  0.10 0.369
    0.20 0.080 0.20 0.240 0.20 0.290 0.20 0.300 0.20 0.280 0.20 0.340  0.20 0.412
    0.50 0.068 0.50 0.195 0.50 0.225 0.50 0.240 0.50 0.255 0.40 0.360  0.30 0.435
    1.00 0.050 1.00 0.160 1.00 0.170 1.00 0.180 1.00 0.190 0.70 0.300  0.4  0.442
    2.00 0.028 2.00 0.110 2.00 0.130 2.00 0.120 2.00 0.150             0.5  0.440
    3.00 0.022 3.00 0.092 3.00 0.120 3.00 0.120
    5.00 0.019 5.00 0.078 5.00 0.110

