    0.00       0.20       0.50       1.00       2.00       5.00       10.0
       x     y    x     y    x     y    x     y    x     y    x     y
    0.01 0.010 0.01 0.013 0.01 0.044 0.01 0.091 0.01 0.142 0.01 0.112 0.01 0.060
    0.31 0.010 0.05 0.012 0.05 0.043 0.05 0.090 0.05 0.141 0.10 0.110 0.10 0.058
    0.70 0.025 0.10 0.010 0.10 0.041 0.10 0.088 0.10 0.140 0.20 0.105 0.20 0.054
    1.00 0.036 0.29 0.010 0.20 0.034 0.20 0.083 0.20 0.135 0.30 0.097 0.30 0.048
    2.00 0.042 0.50 0.018 0.30 0.028 0.50 0.062 0.50 0.110 0.50 0.072 0.50 0.034
    5.00 0.034 1.00 0.034 0.38 0.025 0.70 0.045 0.78 0.086 0.60 0.120
    7.00 0.028 2.00 0.042 0.51 0.025 1.00 0.076 0.84 0.086 0.70 0.170
               3.00 0.040 1.00 0.062 2.00 0.102 1.00 0.106 1.00 0.240
               7.00 0.028 2.00 0.094 2.5  0.103 2.00 0.180
                          3.00 0.101 3.0  0.102
                          4.00 0.100
                          7.00 0.086

