    0.00       0.20       0.50       1.00       2.00       5.00
       x     y    x     y    x     y    x     y    x     y
    0.01 0.010 0.01 0.018 0.01 0.066 0.01 0.140 0.01 0.208 0.01 0.160
    0.31 0.010 0.05 0.017 0.05 0.065 0.05 0.138 0.05 0.206 0.10 0.160
    0.50 0.018 0.10 0.015 0.10 0.064 0.10 0.135 0.10 0.202 0.20 0.155
    1.00 0.034 0.18 0.010 0.20 0.057 0.20 0.130 0.20 0.195 0.30 0.145
    2.00 0.042 0.44 0.010 0.30 0.050 0.50 0.103 0.50 0.160
    5.00 0.034 0.50 0.016 0.50 0.032 0.80 0.068 1.00 0.086
    7.00 0.029 1.00 0.046 .068 0.020 1.00 0.037 2.00 0.230
               2.00 0.078 .074 0.021 1.01 0.037
               3.00 0.085 1.00 0.038 1.5  0.050
               5.00 0.080 2.00 0.070 2.0  0.055
                          3.00 0.086

