    0.00       0.20       0.50       1.00       2.00       5.00       10.00
       x     y    x     y    x     y    x     y    x     y    x     y     x
    0.01 0.010 0.01 0.010 0.01 0.026 0.01 0.054 0.01 0.090 0.01 0.078  0.01 0.038
    0.10 0.010 0.10 0.010 0.05 0.026 0.05 0.054 0.05 0.090 0.05 0.078  0.05 0.038
    0.14 0.010 0.16 0.010 0.10 0.026 0.10 0.054 0.10 0.090 0.10 0.078  0.10 0.038
    0.20 0.018 0.20 0.011 0.20 0.026 0.20 0.054 0.20 0.090 0.20 0.077  0.20 0.038
    0.50 0.060 0.50 0.017 0.50 0.028 0.50 0.054 0.50 0.088 0.50 0.074  0.50 0.037
    1.00 0.110 1.00 0.027 1.00 0.032 1.00 0.054 1.00 0.082 1.00 0.070  1.00 0.034
    2.00 0.140 2.00 0.036 2.00 0.034 2.00 0.050 2.00 0.070 2.00 0.050  2.00 0.021
    3.00 0.130 3.00 0.038 3.00 0.034 3.00 0.048 3.00 0.065 3.00 0.045
    5.00 0.110 5.00 0.037 5.00 0.032 5.00 0.042 5.00 0.052
    7.00 0.098 7.00 0.035 7.00 0.029 7.00 0.038

