    0.00       0.20       0.50       1.00       2.00       5.00       10.00
       x     y    x     y    x     y    x     y    x     y
    0.01 0.010 0.01 0.012 0.01 0.036 0.01 0.073 0.01 0.120 0.01 0.097 0.01 0.050
    0.05 0.010 0.05 0.013 0.05 0.036 0.05 0.073 0.05 0.120 0.05 0.097 0.10 0.049
    0.10 0.010 0.10 0.015 0.10 0.037 0.10 0.073 0.10 0.120 0.10 0.097 0.30 0.048
    0.20 0.028 0.20 0.026 0.20 0.040 0.20 0.073 0.20 0.118 0.20 0.096 0.50 0.047
    0.50 0.088 0.50 0.045 0.50 0.049 0.50 0.072 0.50 0.110 0.50 0.090 1.00 0.040
    1.00 0.142 1.00 0.064 0.80 0.052 1.00 0.064 1.00 0.090 0.70 0.084
    1.50 0.151 1.30 0.066 1.30 0.049 2.00 0.044 2.00 0.056 1.00 0.064
    2.00 0.140 2.00 0.060 2.00 0.042 5.00 0.019 3.00 0.035 2.00 0.044
    3.00 0.104 3.00 0.045 5.00 0.018
    5.00 0.057 6.80 0.018 7.00 0.013
    6.80 0.034

