    0.00       0.20       0.50       1.00       2.00       5.00       10.00
       x     y    x     y    x     y    x     y    x     y
    0.01 0.010 0.01 0.010 0.01 0.026 0.01 0.052 0.01 0.090 0.01 0.077 0.01 0.038
    0.30 0.010 0.05 0.010 0.05 0.025 0.05 0.052 0.05 0.088 0.10 0.075 0.10 0.037
    0.50 0.018 0.22 0.010 0.10 0.023 0.10 0.050 0.10 0.086 0.20 0.070 0.20 0.035
    1.00 0.034 0.50 0.039 0.20 0.019 0.20 0.046 0.20 0.084 0.40 0.050 0.30 0.054
    2.00 0.042 1.00 0.079 0.23 0.015 0.40 0.034 0.50 0.065 0.50 0.094 0.50 0.135
    5.00 0.035 2.00 0.112 0.28 0.012 0.41 0.024 0.55 0.060 1.00 0.265 1.00 0.360
    7.00 0.028 3.00 0.120 0.40 0.029 0.64 0.060 0.60 0.062 2.00 0.470 2.00 0.600
               5.00 0.117 0.70 0.067 1.00 0.125 1.00 0.125 3.00 0.500
               7.00 0.105 1.00 0.094 2.00 0.210 2.00 0.210
                          2.00 0.130 3.00 0.225 3.00 0.225
                          3.00 0.140 5.00 0.225 5.00 0.222
                          4.00 0.138
                          7.00 0.106

