    0.00       0.20       1.00       2.00       5.00       10.
       x     y    x     y    x     y    x     y    x     y
    0.01 0.098 0.01 0.098 0.01 0.098 0.01 0.160 0.01 0.322 0.01 0.388
    0.05 0.098 0.05 0.098 0.05 0.098 0.05 0.160 0.05 0.322 0.10 0.386
    0.10 0.097 0.10 0.097 0.10 0.097 0.10 0.157 0.10 0.319 0.20 0.384
    0.20 0.096 0.20 0.096 0.20 0.096 0.20 0.152 0.30 0.302 0.50 0.338
    0.50 0.093 0.50 0.094 0.50 0.094 0.50 0.135 0.50 0.277 1.00 0.246
    1.00 0.059 1.00 0.064 1.00 0.080 1.00 0.100 1.00 0.197 2.00 0.116
    2.00 0.038 3.00 0.027 3.00 0.029 2.00 0.055 2.00 0.094
    6.70 0.010 7.00 0.012 7.00 0.013 5.00 0.017 3.00 0.048
                                         
                   
                   

