    0.00       0.20       1.00       2.00       5.00       10.
       x     y    x     y    x     y    x     y    x     y
    0.01 0.098 0.01 0.098 0.01 0.118 0.01 0.178 0.01 0.327 0.01 0.388
    0.05 0.098 0.05 0.098 0.05 0.118 0.05 0.178 0.05 0.327 0.10 0.386
    0.10 0.097 0.10 0.097 0.10 0.117 0.10 0.177 0.10 0.322 0.20 0.384
    0.20 0.096 0.20 0.096 0.20 0.112 0.20 0.172 0.30 0.305 0.50 0.338
    0.50 0.094 0.50 0.094 0.50 0.098 0.50 0.150 0.50 0.278               
    1.00 0.059 1.00 0.064 0.80 0.083 1.00 0.110 1.00 0.200
    2.00 0.038 3.00 0.027 2.00 0.056 2.00 0.057            
    6.70 0.010 7.00 0.012                        
                                         
                   
                   

