    0.00       0.20       0.50       1.00       2.00       5.00       10.
       x     y    x     y    x     y    x     y    x     y
    0.01 0.010 0.01 0.011 0.01 0.034 0.01 0.070 0.01 0.114 0.01 0.092 0.01 0.047
    0.23 0.010 0.02 0.010 0.05 0.030 0.05 0.065 0.05 0.108 0.05 0.084 0.05 0.038
    0.50 0.026 0.14 0.010 0.07 0.025 0.10 0.051 0.10 0.094 0.10 0.066 0.1  0.025
    1.00 0.042 0.20 0.025 0.10 0.018 0.20 0.025 0.20 0.055 0.15 0.045 0.13 0.015
    1.30 0.044 0.30 0.047 0.13 0.010 0.25 0.017 0.30 0.035 0.18 0.030 0.18 0.022
    2.00 0.040 0.50 0.092 0.20 0.010 0.30 0.017 0.40 0.058 0.20 0.030 0.30 0.130
    3.00 0.030 1.00 0.154 0.30 0.042 0.40 0.050 0.50 0.086 0.30 0.088 0.50 0.310
    6.8  0.010 1.40 0.163 0.50 0.097 0.60 0.110 0.70 0.163 0.50 0.213 1.00 0.650
               2.00 0.154 1.00 0.175 0.80 0.155 1.00 0.245 1.00 0.500
               3.00 0.120 1.40 0.192 1.00 0.183 1.70 0.300 1.70 0.600
               5.00 0.070 2.00 0.182 1.50 0.210 2.00 0.295 2.00 0.580
               6.8  0.047 3.00 0.147 2.00 0.203 3.00 0.245
                          6.8  0.064 3.00 0.167
                                     5.00 0.103

