      80., 6., 150., 105., 500., 10. [6,1]; Extra larghezza cassa da interno telaio;aria tra ext.aletta e int.tel;aria min.cassa/basso tel;aria min.cassa/alto tel;alt.min tel;aria rinforzi/ends
      86., 60., 12.,                 [3,2]; Lunghezza,Larghezza,Spessore fermi cassa
      22., 29., 29., 3.              [4,3]; Interasse tubi/filo int.cassa 1" 1.25" 1.5";sporgenza interna tubi
      1.,  100., 150.                [3,4];Fatt.aum.sez.pass.bocch/cam.,largh.cam.plug,largh.cam.cover
     150., 168.3, 18.21, 100.        [4,5];Bocch sagom. 6" Altezza tr.,Diametro,Spessore
     170., 219.1, 18.21, 100.        [4,6];Bocch sagom. 8" Altezza tr.,Diametro,Spessore
     185., 273.,  21.41, 100.        [4,7];Bocch sagom.10" Altezza tr.,Diametro,Spessore
     185., 323.,  25.4,  150.        [4,8];Bocch sagom.12" Altezza tr.,Diametro,Spessore
     120.,   160.               [2,9];.75"  Altezza tronchetti    schedula minima
     120.,   160.               [2,10];1"
     137.,   160.               [2,11];1.5"
     137.,   160.               [2,12];2"
     155.,   160.               [2,13];2.5"
     155.,   160.               [2,14];3"
     155.,   160.               [2,15];3.5"
     150.,   160.               [2,16];4"
     150.,   80.                [2,17];5"
     150.,   80.                [2,18];6"
     170.,   80.                [2,19];8"
     185.,   80.                [2,20];10"
     185.,   80.                [2,21];12"
  11., 12.5, 1., 25., 25., 22., -6., 3., 5.  [9,22];LARGH.GRAD.,LARGH.GUA.,Toll.Lav,Hg,I,x,alt.grad.per guarn.non.conf. per testate cover THRU,SPESS.GUA
  11., 12.5, 1., 20.5, 6.5, 22., -6., 3., 5. [9,23];LARGH.GRAD.,LARGH.GUA.,Toll.Lav,Hg,I,x per testate cover STUD,SPESS.GUA,ARIA COP/FLANGIA
      4.,  8.,  42.                  [3,24];Gap tubo/setto expanded,welded,altezza minima camera
      -4.,  9.                       [2,25];Extradimensioni end rispetto a  H e HX3;per casse a cop. rispetto a H
      55.,  300.                     [2,26];bucorinf;passorinf
      12.,   16.                     [2,27];aria fra casse split senza/con teflon
  300.                         [1,28];Gap fra diam.ventil.
  .3                           [1,29];Prof. groove su tubi embedded
  2.9, 7.8, 9.3                [3,30];Spessori tronchetti da 3/4"
  3.4, 9.1, 9.8                [3,31];Spessori tronchetti da 1"
  3.7, 7.1, 10.2               [3,32];Spessori tronchetti da 1.5"
  3.9, 8.7, 11.1               [3,33];Spessori tronchetti da 2"
  5.5, 11.1, 15.2              [3,34];Spessori tronchetti da 3"
  6.0, 13.5, 13.5              [3,35];Spessori tronchetti da 4"
  11., 11.0, 14.3              [3,36];Spessori tronchetti da 6"
  12.7, 12.7, 15.1             [3,37];Spessori tronchetti da 8"
  12.7, 15.1, 18.2             [3,38];Spessori tronchetti da10"
  12.7, 17.5, 17.5             [3,39];Spessori tronchetti da12"
  .75, 150.,  26.7,  98.,  11.1,  38.1,  26.7,  15.9,  15.9,  50.8,  27.7,  28.2,  69.8,  16.0,   4.0   [15,40];150 libbre
    1, 150.,  33.4, 108.,  12.7,  49.2,  33.4,  17.5,  17.5,  54.0,  34.5,  35.0,  79.4,  16.0,   4.0   [15,41];150 libbre
  1.5, 150.,  48.3, 127.,  15.9,  65.0,  48.3,  22.2,  22.9,  60.3,  49.5,  50.0,  98.4,  16.0,   4.0   [15,42];150 libbre
    2, 150.,  60.3, 152.,  17.4,  77.7,  60.3,  25.4,  25.4,  61.9,  61.9,  62.5, 120.6,  19.0,   4.0   [15,43];150 libbre
    3, 150.,  88.9, 190.,  22.2, 107.9,  88.9,  30.2,  30.2,  68.2,  90.7,  91.4, 152.4,  19.0,   4.0   [15,44];150 libbre
    4, 150., 114.3, 229.,  22.2, 134.9, 114.3,  33.3,  33.3,  74.6, 116.1, 116.8, 190.5,  19.0,   8.0   [15,45];150 libbre
    6, 150., 168.3, 279.,  23.8, 192.0, 168.3,  39.7,  39.7,  87.3, 170.7, 171.4, 241.3,  22.2,   8.0   [15,46];150 libbre
    8, 150., 219.1, 343.,  27.0, 246.1, 219.1,  44.4,  44.4, 100.0, 221.5, 222.2, 298.4,  22.2,   8.0   [15,47];150 libbre
   10, 150., 273.0, 406.,  28.6, 304.8, 273.0,  49.2,  49.2, 100.0, 276.3, 277.4, 362.0,  25.4,  12.0   [15,48];150 libbre
   12, 150., 323.8, 483.,  30.2, 365.2, 323.8,  55.6,  55.6, 112.7, 327.1, 328.2, 431.8,  25.4,  12.0   [15,49];150 libbre
1.2,  65.0,    .,   42.9,    . ,    . ,    . ,    . ,   1.6,    . , 175.0,    .   [12,50];150 libbre 
1.2,  70.0,  85.,   50.8,  63.5,  47.6,   8.7,   6.4,   1.6,   6.4, 175.0, 180.0  [12,51];150 libbre 
1.2,  75.0,  90.,   73.0,  82.5,  65.1,   8.7,   6.4,   1.6,   6.4, 200.0, 205.0  [12,52];150 libbre 
5.8,  85.0,  95.,   92.0, 101.6,  82.5,   8.7,   6.4,   1.6,   6.4, 200.0, 205.0  [12,53];150 libbre 
5.8,  95.0, 110.,  127.0, 133.3, 114.3,   8.7,   6.4,   1.6,   6.4, 225.0, 230.0  [12,54];150 libbre 
5.8,  95.0, 110.,  157.2, 171.4, 149.2,   8.7,   6.4,   1.6,   6.4, 225.0, 230.0  [12,55];150 libbre 
3.4, 100.0, 115.,  215.9, 219.0, 193.7,   8.7,   6.4,   1.6,   6.4, 239.0, 244.0  [12,56];150 libbre 
3.4, 110.0, 120.,  269.7, 273.0, 247.7,   8.7,   6.4,   1.6,   6.4, 272.0, 277.0  [12,57];150 libbre 
7.8, 120.0, 135.,  323.8, 330.0, 304.8,   8.7,   6.4,   1.6,   6.4, 287.0, 292.0  [12,58];150 libbre 
7.8, 120.0, 135.,  381.0, 406.4, 381.0,   8.7,   6.4,   1.6,   6.4, 299.0, 304.0  [12,59];150 libbre 
  .75, 300.,  26.7, 117.,   14.3,  47.7,  26.7,  25.4,  25.4,  55.5,  27.7,  28.2,  82.5,  19.0,   4.0   [15,60];300 libbre
    1, 300.,  33.4, 124.,   15.9,  53.8,  33.4,  26.9,  26.9,  60.3,  34.5,  35. ,  88.9,  19.0,   4.0   [15,61];300 libbre
  1.5, 300.,  48.3, 156.,   19.0,  68.9,  48.3,  30.2,  30.2,  66.7,  49.5,  50. , 114.3,  22.2,   4.0   [15,62];300 libbre
    2, 300.,  60.3, 165.,   20.7,  84.1,  60.3,  33.3,  33.3,  68.2,  62.0,  62.5, 127.0,  19.0,   8.0   [15,63];300 libbre
    3, 300.,  88.9, 210.,   27.0, 117.3,  88.9,  42.9,  42.9,  77.8,  90.7,  91.4, 168.3,  22.2,   8.0   [15,64];300 libbre
    4, 300., 114.3, 254.,   30.2, 146.0, 114.3,  47.7,  47.7,  84.1, 116.1, 116.8, 200.0,  22.2,   8.0   [15,65];300 libbre
    6, 300., 168.3, 318.,   34.9, 206.2, 168.3,  52.3,  52.3,  96.8, 170.7, 171.4, 269.9,  22.2,  12.0   [15,66];300 libbre
    8, 300., 219.1, 381.,   39.7, 260.3, 219.1,  62.0,  62.0, 109.6, 221.5, 222.2, 330.2,  25.4,  12.0   [15,67];300 libbre
   10, 300., 273.0, 444.,   46.0, 320.5, 273.0,  66.5,  95.2, 115.7, 276.3, 277.4, 387.3,  28.6,  16.0   [15,68];300 libbre
   12, 300., 323.8, 521.,   49.2, 374.6, 323.8,  73.1, 101.6, 128.4, 327.1, 328.2, 450.8,  31.8,  16.0   [15,69];300 libbre
 5.8,  75.0,  90.,   42.9,  63.5,  42.9,   8.7,   6.4,   1.6,   6.4, 175.0, 180.  [12,70];300 libbre 
 5.8,  85.0,  95.,   50.8,  69.8,  50.8,   8.7,   6.4,   1.6,   6.4, 200.0, 205.  [12,71];300 libbre 
 3.4,  95.0, 110.,   73.0,  90.4,  68.3,   8.7,   6.4,   1.6,   6.4, 200.0, 205.  [12,72];300 libbre 
 5.8,  90.0, 110.,   92.0, 108.0,  82.5,  11.9,   7.9,   1.6,   7.9, 225.0, 231.  [12,73];300 libbre 
 3.4, 110.0, 125.,  127.0, 146.0, 123.8,  11.9,   7.9,   1.6,   7.9, 225.0, 231.  [12,74];300 libbre 
 3.4, 115.0, 135.,  157.2, 174.7, 149.2,  11.9,   7.9,   1.6,   7.9, 250.0, 256.  [12,75];300 libbre 
 3.4, 125.0, 145.,  215.9, 241.3, 211.1,  11.9,   7.9,   1.6,   7.9, 248.0, 254.  [12,76];300 libbre 
 7.8, 140.0, 160.,  269.7, 301.7, 269.9,  11.9,   7.9,   1.6,   7.9, 281.0, 287.  [12,77];300 libbre 
 1.0, 160.0, 180.,  323.8, 355.6, 323.8,  11.9,   7.9,   1.6,   7.9, 302.0, 308.  [12,78];300 libbre 
 1.8, 170.0, 190.,  381.0, 412.7, 381.0,  11.9,   7.9,   1.6,   7.9, 315.0, 321.  [12,79];300 libbre 
  .75, 600.,  26.7, 117.,   15.9,  47.7,  26.7,  25.4,  25.4,  57.1,  27.7,  28.2,  82.5,  19.0,   4.0   [15,80];600 libbre
    1, 600.,  33.4, 124.,   17.5,  53.8,  33.4,  26.9,  26.9,  61.9,  34.5,  35.0,  88.9,  19.0,   4.0   [15,81];600 libbre
  1.5, 600.,  48.3, 156.,   22.3,  69.8,  48.3,  31.8,  31.8,  69.8,  49.5,  50.0, 114.3,  22.2,   4.0   [15,82];600 libbre
    2, 600.,  60.3, 165.,   25.4,  84.1,  60.3,  36.6,  36.6,  73.1,  61.9,  62.5, 127.0,  19.0,   8.0   [15,83];600 libbre
    3, 600.,  88.9, 210.,   31.8, 117.3,  88.9,  46.0,  46.0,  82.5,  90.7,  91.4, 168.3,  22.2,   8.0   [15,84];600 libbre
    4, 600., 114.3, 273.,   38.1, 152.4, 114.3,  53.9,  53.9, 101.6, 116.1, 116.8, 215.9,  25.4,   8.0   [15,85];600 libbre
    6, 600., 168.3, 356.,   47.7, 222.2, 168.3,  66.6,  66.6, 117.3, 170.7, 171.4, 292.1,  28.6,  12.0   [15,86];600 libbre
    8, 600., 219.1, 419.,   55.6, 273.0, 219.1,  76.2,  76.2, 133.3, 221.5, 222.2, 349.2,  31.8,  12.0   [15,87];600 libbre
   10, 600., 273.0, 508.,   63.5, 342.9, 273.0,  85.8, 111.2, 152.4, 276.3, 277.4, 431.8,  35.0,  16.0   [15,88];600 libbre
   12, 600., .0   ,    .,      .,     .,    .0,     .,     .,     .,     .,     .,    .,  .0,    .0   [15,89];600 libbre
 5.8,  90.0,  90.,   42.9,  63.5,  42.8,   8.7,   6.4,   6.4,   6.4, 200.0, 200.  [12,90];600 libbre 
 5.8,  95.0,  95.,   50.8,  69.8,  50.8,   8.7,   6.4,   6.4,   6.4, 200.0, 200.  [12,91];600 libbre 
 3.4, 110.0, 110.,   73.0,  90.4,  68.3,   8.7,   6.4,   6.4,   6.4, 225.0, 225.  [12,92];600 libbre 
 5.8, 110.0, 115.,   92.0, 108.0,  82.5,  11.9,   7.9,   6.4,   7.9, 225.0, 226.  [12,93];600 libbre 
 3.4, 125.0, 135.,  127.0, 146.0, 123.8,  11.9,   7.9,   6.4,   7.9, 250.0, 251.  [12,94];600 libbre 
 7.8, 145.0, 150.,  157.2, 174.7, 149.2,  11.9,   7.9,   6.4,   7.9, 250.0, 251.  [12,95];600 libbre 
 1. , 170.0, 180.,  215.9, 241.3, 211.1,  11.9,   7.9,   6.4,   7.9, 274.0, 275.  [12,96];600 libbre 
 1.8, 195.0, 195.,  269.7, 301.8, 269.9,  11.9,   7.9,   6.4,   7.9, 310.0, 311.  [12,97];600 libbre 
 1.4, 215.0, 220.,  323.8, 355.6, 323.8,  11.9,   7.9,   6.4,   7.9, 344.0, 345.  [12,98];600 libbre 
 ., .0, 0.,  ., ., .,  ., ., ., ., .0, .  [12,99];600 libbre 
  .75, 900.,  26.7, 130.,   25.4,  44.4,  26.7,  35.0,  35.0,  69.8,  27.7,  28.2,  88.9,  22.2,   4.0   [15,100];900 libbre 
    1, 900.,  33.4, 149.,   28.5,  52.3,  33.4,  41.2,  41.2,  73.1,  34.5,  35.0, 101.6,  25.4,   4.0   [15,101];900 libbre 
  1.5, 900.,  48.3, 178.,   31.8,  69.8,  48.3,  44.4,  44.4,  82.5,  49.5,  50.0, 123.8,  28.5,   4.0   [15,102];900 libbre 
    2, 900.,  60.3, 216.,   38.1, 104.7,  60.3,  57.1,  57.1, 101.6,  62.0,  62.5, 165.1,  25.4,   8.0   [15,103];900 libbre 
    3, 900.,    .0,    .,      .,     .,    .0,    .0,    .0,     .,     .,     .,     .,     ., .0  [15,104];900 libbre 
    4, 900., 114.3, 292.,   44.4, 158.7, 114.3,  69.8,  69.8, 114.3, 116.1, 116.8, 234.9,  31.8,   8.0   [15,105];900 libbre 
    6, 900., 168.3, 381.,   55.6, 234.9, 168.3,  85.8,  85.8, 139.7, 170.7, 171.4, 317.5,  31.8,  12.0   [15,106];900 libbre 
    8, 900., 219.1, 470.,   63.5, 298.4, 219.1, 101.6, 114.3, 162.0, 221.5, 222.2, 393.7,  31.8,  12.0   [15,107];900 libbre 
   10, 900., 273.0, 546.,   69.8, 368.3, 273.0, 108.0, 127.0, 184.1, 276.3, 277.4, 469.9,  38.1,  16.0   [15,108];900 libbre 
   12, 900.,    .0,    .,      .,     .,    .0,    .0,    .0,     .,     .,     .,     .,     ., .0  [15,109];900 libbre 
 3.4, 115.0, 115.,   42.9,  66.5,  44.4,   8.7,   6.4,   6.4,   6.4, 225.0, 225. [12,110];900 libbre 
 7.8, 125.0, 125.,   50.8,  71.4,  50.8,   8.7,   6.4,   6.4,   6.4, 225.0, 225. [12,111];900 libbre 
 1.0, 140.0, 140.,   73.0,  92.0,  68.3,   8.7,   6.4,   6.4,   6.4, 250.0, 250. [12,112];900 libbre 
 7.8, 145.0, 145.,   92.0, 124.0,  95.2,  11.9,   7.9,   6.4,   7.9, 250.0, 251. [12,113];900 libbre 
 .,      .0,   0.,      .,     .,     .,     .,     .,     .,     .,    .0, .  [12,114];900 libbre 
11.8, 170.0, 180.,  157.2, 180.8, 149.2,  11.9,   7.9,   6.4,   7.9, 275.0, 276. [12,115];900 libbre 
11.8, 195.0, 195.,  215.9, 241.3, 211.1,  11.9,   7.9,   6.4,   7.9, 296.0, 297. [12,116];900 libbre 
13.8, 220.0, 230.,  269.7, 307.8, 269.9,  11.9,   7.9,   6.4,   7.9, 338.0, 339. [12,117];900 libbre 
13.8, 235.0, 240.,  323.8, 362.0, 323.8,  11.9,   7.9,   6.4,   7.9, 391.0, 392. [12,118];900 libbre 
 .,      .0,   0.,      .,     .,     .,     .,     .,     .,     .,    .0, .  [12,119];900 libbre 
  .75, 1500.,  26.7, 130.,   25.4,  44.4,  26.7,  35.,   35. ,  69.8,  27.7,  28.2,  88.9,  22.2,   4.0   [15,120];1500 libbre 
    1, 1500.,  33.4, 149.,   28.5,  52.3,  33.4,  41.2,  41.2,  73.1,  34.5,  35.0, 101.6,  25.4,   4.0   [15,121];1500 libbre 
  1.5, 1500.,  48.3, 178.,   31.8,  69.8,  48.3,  44.4,  44.4,  82.6,  49.5,  50.0, 123.8,  28.5,   4.0   [15,122];1500 libbre 
    2, 1500., .0, ., ., ., .0, .0, .0, ., ., ., ., ., .0  [15,123];1500 libbre 
    3, 1500., .0, ., ., ., .0, .0, .0, ., ., ., ., ., .0  [15,124];1500 libbre 
    4, 1500., 114.3, 311.,   53.9, 162.0, 114.3,    .,   90.4, 124.0,    .,  116.8, 241.3,  35.0,   8.0   [15,125];1500 libbre 
    6, 1500., 168.3, 394.,   82.6, 228.6, 168.3,    .,  119.1, 171.4,    .,  171.4, 317.5,  38.1,  12.0   [15,126];1500 libbre 
    8, 1500., 219.1, 483.,   92.0, 292.1, 219.1,    .,  142.8, 212.8,    .,  222.2, 393.7,  44.4,  12.0   [15,127];1500 libbre 
   10, 1500., 273.0, 584.,  108.0, 368.3, 273.0,    .,  177.8, 254.0,    .,  277.4, 482.6,  50.8,  12.0   [15,128];1500 libbre 
   12, 1500., .0, ., ., ., .0, .0, .0, ., ., ., ., ., .0  [15,129];1500 libbre 
 3.4, 115.0, 115.,   42.9,  66.5,  44.4,   8.7,   6.4,   6.4,   6.4, 225.0, 225. [12,130];1500 libbre 
 7.8, 125.0, 125.,   50.8,  71.4,  50.8,   8.7,   6.4,   6.4,   6.4, 225.0, 225. [12,131];1500 libbre 
 1.0, 140.0, 140.,   73.0,  92.0,  68.3,   8.7,   6.4,   6.4,   6.4, 250.0, 250. [12,132];1500 libbre 
 ., .0, 0.,  ., ., .,  ., ., ., ., .0, .  [12,133];1500 libbre 
 ., .0, 0.,  ., ., .,  ., ., ., ., .0 .  [12,134];1500 libbre 
 1.4, 195.0, 195.,  157.2, 193.5, 161.9,  11.9,   7.9,   6.4,   7.9, 275.0, 276. [12,135];1500 libbre 
 3.8, 260.0, 265.,  215.9, 247.6, 211.1,  13.5,   9.5,   6.4,   9.5, 328.0, 331. [12,136];1500 libbre 
 5.8, 290.0, 305.,  269.7, 317.5, 269.9,  16.7,  11.1,   6.4,  11.1, 389.0, 394. [12,137];1500 libbre 
 7.8, 335.0, 350.,  323.8, 371.3, 323.8,  16.7,  11.1,   6.4,  11.1, 445.0, 450. [12,138];1500 libbre 
 ., .0, 0.,  ., ., .,  ., ., ., ., .0, .  [12,139];1500 libbre 

