    0.001      0.0015     0.0025     0.004      0.006      0.01       0.015      0.025      0.05       0.50
       x     y    x     y    x     y    x     y    x     y    x     y    x     y    x     y    x     y    x     y
    0.15 2.130 0.15 2.700 0.15 3.730 0.15 5.220 0.15 7.200 0.15 10.90 0.15 15.40 0.15 24.00 0.15 44.50 0.15 440.0 
    0.16 1.950 0.16 2.500 0.16 3.500 0.16 4.900 0.16 6.700 0.16 10.20 0.16 14.30 0.16 22.20 0.16 41.50 0.16 405.0
    0.17 1.800 0.17 2.300 0.17 3.240 0.17 4.580 0.17 6.300 0.17 9.600 0.17 13.50 0.17 21.00 0.17 39.20 0.17 385.0 
    0.18 1.650 0.18 2.110 0.18 2.990 0.18 4.230 0.18 5.800 0.18 8.800 0.18 12.60 0.18 19.70 0.18 37.00 0.18 365.0 
               0.19 1.950 0.19 2.770 0.19 3.950 0.19 5.430 0.19 8.300 0.19 11.80 0.19 18.50 0.19 35.00 0.19 347.5 
               0.20 1.800 0.20 2.550 0.20 3.640 0.20 5.000 0.20 7.700 0.20 11.00 0.20 17.30 0.20 33.00 0.20 325.0 
               0.21 1.650 0.21 2.390 0.21 3.420 0.21 4.750 0.21 7.300 0.21 10.40 0.21 16.20 0.21 31.00 0.21 310.0 
               0.22 1.520 0.22 2.220 0.22 3.200 0.22 4.450 0.22 6.840 0.22 9.700 0.22 15.40 0.22 29.25 0.22 292.5 
               0.23 1.400 0.23 2.080 0.23 2.950 0.23 4.120 0.23 6.300 0.23 9.100 0.23 14.50 0.23 27.75 0.23 277.5
                          0.24 1.920 0.24 2.760 0.24 3.830 0.24 5.900 0.24 8.500 0.24 13.60 0.24 26.50 0.24 265.0
                          0.25 1.750 0.25 2.580 0.25 3.560 0.25 5.500 0.25 7.800 0.25 12.50 0.25 25.00 0.25 250.0
                          0.26 1.640 0.26 2.400 0.26 3.340 0.26 5.150 0.26 7.350 0.26 11.87 0.26 23.75 0.26 237.5
                          0.27 1.520 0.27 2.250 0.27 3.120 0.27 4.800 0.27 6.800 0.27 11.12 0.27 22.25 0.27 222.5
                          0.28 1.410 0.28 2.120 0.28 2.930 0.28 4.500 0.28 6.450 0.28 10.62 0.28 21.25 0.28 212.5
                                     0.29 2.000 0.29 2.730 0.29 4.200 0.29 6.075 0.29 10.12 0.29 20.25 0.29 202.5
                                     0.30 1.860 0.30 2.540 0.30 3.950 0.30 5.775 0.30 9.625 0.30 19.25 0.30 192.5
                                     0.31 1.710 0.31 2.410 0.31 3.800 0.31 5.550 0.31 9.250 0.31 18.50 0.31 185.0
                                     0.32 1.610 0.32 2.300 0.32 3.650 0.32 5.370 0.32 8.950 0.32 17.90 0.32 179.0
                                     0.33 1.520 0.33 2.200 0.33 3.500 0.33 5.175 0.33 8.625 0.33 17.25 0.33 172.5
                                     0.34 1.450 0.34 2.100 0.34 3.350 0.34 5.025 0.34 8.375 0.34 16.75 0.34 167.5
                                                0.35 1.950 0.35 3.250 0.35 4.875 0.35 8.125 0.35 16.25 0.35 162.5
                                                0.36 1.914 0.36 3.190 0.36 4.785 0.36 7.975 0.36 15.95 0.36 159.5
                                                0.38 1.842 0.38 3.070 0.38 4.605 0.38 7.675 0.38 15.35 0.38 153.5
                                                0.40 1.770 0.40 2.950 0.40 4.425 0.40 7.375 0.40 14.75 0.40 147.5
Fine